production_budget_usd,worldwide_gross_usd
" $7,000,000 "," $1,000,000 "
" $14,000,000 "," $1,000,000 "
" $800,000 "," $1,001,437 "
" $185,000,000 "," $1,002,572,859 "
" $1,300,000 "," $1,005,840 "
" $10,000,000 "," $1,011,054 "
" $750,000 "," $1,011,535 "
" $250,000,000 "," $1,017,003,568 "
" $150,000,000 "," $1,019,922,983 "
" $3,000,000 "," $1,022,453 "
" $200,000,000 "," $1,022,617,376 "
" $4,500,000 "," $1,022,649 "
" $200,000,000 "," $1,025,491,110 "
" $115,000,000 "," $1,027,044,677 "
" $500,000 "," $1,027,228 "
" $225,000 "," $1,032,075 "
" $6,500,000 "," $1,033,810 "
" $1,000,000 "," $1,036 "
" $63,000,000 "," $1,038,812,584 "
" $250,000,000 "," $1,045,663,875 "
" $10,000,000 "," $1,049,641 "
" $5,000,000 "," $1,050,861 "
" $200,000,000 "," $1,050,988,488 "
" $10,000,000 "," $1,051,907 "
" $5,500,000 "," $1,060,512 "
" $20,000,000 "," $1,065,907 "
" $225,000,000 "," $1,066,215,812 "
" $10,100,000 "," $1,066,555 "
" $9,000,000 "," $1,069,318 "
" $10,000,000 "," $1,069,454 "
" $200,000,000 "," $1,069,818,229 "
" $5,000,000 "," $1,075,009 "
" $2,000,000 "," $1,075,504 "
" $40,000,000 "," $1,079,040 "
" $7,700,000 "," $1,080,428 "
" $26,000,000 "," $1,083,350 "
" $275,000,000 "," $1,084,439,099 "
" $1,000,000 "," $1,087,521 "
" $12,500,000 "," $1,100,287 "
" $210,000,000 "," $1,104,039,076 "
" $225,000 "," $1,109,276 "
" $200,000,000 "," $1,110,526,981 "
" $500,000 "," $1,111,615 "
" $195,000,000 "," $1,123,790,543 "
" $1,500,000 "," $1,126,258 "
" $500,000 "," $1,131,261 "
" $2,000,000 "," $1,134,358 "
" $700,000 "," $1,140,965 "
" $94,000,000 "," $1,141,403,341 "
" $55,000,000 "," $1,147,784 "
" $15,000,000 "," $1,148,578 "
" $250,000,000 "," $1,151,684,349 "
" $13,000,000 "," $1,152,117 "
" $2,000,000 "," $1,152,411 "
" $1,000,000 "," $1,156,309 "
" $250,000 "," $1,157,672 "
" $4,000,000 "," $1,158,877 "
" $700,000 "," $1,160 "
" $200,000 "," $1,161,843 "
" $400,000 "," $1,162,014 "
" $10,000,000 "," $1,165,102 "
" $200,000 "," $1,165,996 "
" $20,000,000 "," $1,167,092 "
" $74,000,000 "," $1,167,245,366 "
" $500,000 "," $1,167,524 "
" $3,750,000 "," $1,178,175 "
" $1,000,000 "," $1,179,462 "
" $12,000,000 "," $1,188,194 "
" $25,000,000 "," $1,190,003 "
" $18,000,000 "," $1,199,510 "
" $4,357,373 "," $1,200,000 "
" $12,000,000 "," $1,200,346 "
" $200,000,000 "," $1,215,392,272 "
" $200,000 "," $1,217 "
" $4,500,000 "," $1,217,307 "
" $23,000 "," $1,227,508 "
" $10,000,000 "," $1,230,542 "
" $250,000,000 "," $1,237,444,462 "
" $15,500,000 "," $1,237,615 "
" $1,000,000 "," $1,239,174 "
" $9,000,000 "," $1,242 "
" $7,000,000 "," $1,246,141 "
" $50,000,000 "," $1,250,617 "
" $500,000 "," $1,250,798 "
" $160,000,000 "," $1,260,122,363 "
" $1,400,000 "," $1,261,792 "
" $7,000,000 "," $1,268,346 "
" $2,500,000 "," $1,269,705 "
" $150,000,000 "," $1,274,234,980 "
" $1,750,000 "," $1,278,471 "
" $6,000,000 "," $1,290,920 "
" $450,000 "," $1,297,745 "
" $10,000,000 "," $1,299,855 "
" $18,000,000 "," $1,305,114 "
" $32,000,000 "," $1,308,696 "
" $780,000 "," $1,310,470 "
" $35,000,000 "," $1,320,043 "
" $1,800,000 "," $1,322,161 "
" $3,000,000 "," $1,324,299 "
" $2,400,000 "," $1,333,891 "
" $12,000 "," $1,336 "
" $5,000 "," $1,338 "
" $125,000,000 "," $1,341,511,219 "
" $500,000 "," $1,348,750 "
" $8,300,000 "," $1,353,296 "
" $19,000,000 "," $1,353,824 "
" $1,000,000 "," $1,355,079 "
" $1,100,000 "," $1,355,728 "
" $100,000 "," $1,358 "
" $6,000,000 "," $1,365,108 "
" $250,000 "," $1,366,235 "
" $323,000 "," $1,373,407 "
" $5,000,000 "," $1,375,194 "
" $13,000,000 "," $1,375,635 "
" $2,100,000 "," $1,381,824 "
" $850,000 "," $1,386,088 "
" $7,000,000 "," $1,391,410 "
" $3,500,000 "," $1,396,395 "
" $250,000,000 "," $1,404,705,868 "
" $15,000,000 "," $1,405,032 "
" $12,500,000 "," $1,412,799 "
" $25,000,000 "," $1,415,656 "
" $300,000 "," $1,416,046 "
" $6,000,000 "," $1,418,304 "
" $2,400,000 "," $1,420,418 "
" $1,000,000 "," $1,425,707 "
" $7,000,000 "," $1,429,453 "
" $2,000,000 "," $1,433,319 "
" $1,900,000 "," $1,445,140 "
" $16,000,000 "," $1,467,278 "
" $36,000,000 "," $1,480,089 "
" $1,000,000 "," $1,492,895 "
" $4,500,000 "," $1,500,000 "
" $35,000,000 "," $1,500,000 "
" $825,000 "," $1,500,711 "
" $5,000,000 "," $1,504,960 "
" $12,000,000 "," $1,513,388 "
" $190,000,000 "," $1,516,748,684 "
" $225,000,000 "," $1,519,479,547 "
" $5,000,000 "," $1,526,697 "
" $10,000,000 "," $1,537,479 "
" $1,500,000 "," $1,541,131 "
" $27,000,000 "," $1,545,064 "
" $1,000,000 "," $1,549,000 "
" $14,000,000 "," $1,553,556 "
" $10,000,000 "," $1,562,800 "
" $190,000 "," $1,577,585 "
" $15,000,000 "," $1,590,246 "
" $12,000,000 "," $1,595,168 "
" $560,000 "," $1,597,233 "
" $400,000 "," $1,600,566 "
" $10,400,000 "," $1,610,194 "
" $12,500,000 "," $1,612,957 "
" $1,000,000 "," $1,615,787 "
" $1,500,000 "," $1,619,602 "
" $12,000,000 "," $1,620,056 "
" $180,000 "," $1,628,579 "
" $1,400,000 "," $1,632 "
" $9,000,000 "," $1,635,241 "
" $10,000,000 "," $1,638,202 "
" $10,000,000 "," $1,641,788 "
" $10,000,000 "," $1,642,939 "
" $20,000,000 "," $1,646,664 "
" $1,300,000 "," $1,647,780 "
" $2,000,000 "," $1,660,865 "
" $7,000,000 "," $1,661,464 "
" $2,000,000 "," $1,663,296 "
" $215,000,000 "," $1,671,640,593 "
" $6,000,000 "," $1,673,635 "
" $16,000,000 "," $1,686,429 "
" $2,500,000 "," $1,687,548 "
" $15,500,000 "," $1,693,000 "
" $5,200,000 "," $1,695,126 "
" $24,000,000 "," $1,696,765 "
" $4,700,000 "," $1,705,139 "
" $16,000,000 "," $1,705,908 "
" $300,000 "," $1,711 "
" $7,000,000 "," $1,732,228 "
" $29,000,000 "," $1,733,532 "
" $1,300,000 "," $1,738,663 "
" $6,500,000 "," $1,744,952 "
" $30,000,000 "," $1,769,316 "
" $350,000 "," $1,772,979 "
" $500,000 "," $1,778 "
" $12,000,000 "," $1,779,284 "
" $312,000 "," $1,788,168 "
" $7,500,000 "," $1,788,324 "
" $55,000,000 "," $1,807,990 "
" $3,000,000 "," $1,821,983 "
" $500,000 "," $1,822 "
" $12,000,000 "," $1,828,400 "
" $1,500,000 "," $1,840,248 "
" $16,000,000 "," $1,844,228 "
" $1,000,000 "," $1,849,392 "
" $7,000,000 "," $1,857,458 "
" $2,000,000 "," $1,869,928 "
" $10,000,000 "," $1,884,251 "
" $7,000,000 "," $1,891,936 "
" $14,000,000 "," $1,903,952 "
" $4,000,000 "," $1,919,197 "
" $7,000,000 "," $1,933,829 "
" $1,400,000 "," $1,945,420 "
" $15,000,000 "," $1,953,732 "
" $10,000,000 "," $1,953,882 "
" $15,000,000 "," $1,954,202 "
" $750,000 "," $1,960,521 "
" $15,000,000 "," $1,970,268 "
" $500,000 "," $1,971,479 "
" $17,000,000 "," $1,973,945 "
" $4,000,000 "," $1,983,596 "
" $2,000,000 "," $1,985,292 "
" $10,000 "," $1,987 "
" $4,000,000 "," $1,989,035 "
" $350,000 "," $10,000,000 "
" $3,000,000 "," $10,000,000 "
" $2,500,000 "," $10,000,000 "
" $17,000,000 "," $10,000,000 "
" $672,000 "," $10,000,650 "
" $65,000,000 "," $10,014,234 "
" $10,000,000 "," $10,019,109 "
" $13,000,000 "," $10,020,081 "
" $90,000,000 "," $10,020,889 "
" $2,000,000 "," $10,024 "
" $12,000,000 "," $10,026,255 "
" $1,000,000 "," $10,037,390 "
" $25,000,000 "," $10,039,566 "
" $3,000,000 "," $10,051,516 "
" $7,000,000 "," $10,062,896 "
" $29,000,000 "," $10,066,366 "
" $40,000,000 "," $10,070,651 "
" $4,000,000 "," $10,097,096 "
" $6,000,000 "," $10,106,975 "
" $21,000,000 "," $10,108,016 "
" $1,900,000 "," $10,137,234 "
" $10,100,000 "," $10,143,618 "
" $6,500,000 "," $10,155,691 "
" $35,000,000 "," $10,157,534 "
" $4,300,000 "," $10,158,355 "
" $2,000,000 "," $10,166,209 "
" $3,000,000 "," $10,172,519 "
" $9,000,000 "," $10,176,701 "
" $8,000,000 "," $10,192,613 "
" $5,000,000 "," $10,206,551 "
" $4,300,000 "," $10,212,403 "
" $38,000,000 "," $10,229,300 "
" $7,000,000 "," $10,237,239 "
" $100,000 "," $10,243,159 "
" $3,500,000 "," $10,317,779 "
" $35,000,000 "," $10,319,915 "
" $27,000,000 "," $10,341,093 "
" $50,000,000 "," $10,359,006 "
" $105,000,000 "," $10,364,769 "
" $8,500,000 "," $10,386,814 "
" $34,000,000 "," $10,392,666 "
" $20,000,000 "," $10,393,696 "
" $14,000,000 "," $10,397,365 "
" $4,500,000 "," $10,400,000 "
" $3,000,000 "," $10,400,000 "
" $19,000,000 "," $10,412,485 "
" $30,000,000 "," $10,419,084 "
" $50,000 "," $10,426,506 "
" $11,000,000 "," $10,431,506 "
" $24,200,000 "," $10,447,579 "
" $1,039,000 "," $10,462,500 "
" $20,000,000 "," $10,468,867 "
" $3,000,000 "," $10,473,836 "
" $700,000 "," $10,508 "
" $15,000,000 "," $10,513,979 "
" $300,000 "," $10,514 "
" $5,000,000 "," $10,537,341 "
" $20,000,000 "," $10,555,348 "
" $6,000,000 "," $10,557,291 "
" $50,000,000 "," $10,561,038 "
" $20,000,000 "," $10,570,375 "
" $10,000,000 "," $10,571,408 "
" $60,000,000 "," $10,597,070 "
" $27,000,000 "," $10,618,813 "
" $6,000,000 "," $10,619,770 "
" $8,000,000 "," $10,629,320 "
" $17,000,000 "," $10,637,281 "
" $9,000,000 "," $10,642,023 "
" $23,000,000 "," $10,660,147 "
" $2,000,000 "," $10,672,492 "
" $34,000,000 "," $10,672,566 "
" $5,000,000 "," $10,676,073 "
" $2,000,000 "," $10,679 "
" $20,000,000 "," $10,686,841 "
" $22,000,000 "," $10,696,210 "
" $40,000,000 "," $10,717,421 "
" $12,500,000 "," $10,725,228 "
" $25,000,000 "," $10,731,997 "
" $5,000,000 "," $10,732,909 "
" $5,000,000 "," $10,744,134 "
" $5,000,000 "," $10,751,126 "
" $8,000,000 "," $10,763,183 "
" $15,000,000 "," $10,763,469 "
" $7,000,000 "," $10,765,283 "
" $4,000,000 "," $10,770,993 "
" $7,000,000 "," $10,803,211 "
" $1,200,000 "," $10,827,356 "
" $7,000,000 "," $10,828,305 "
" $7,500,000 "," $10,834,406 "
" $15,000,000 "," $10,845,127 "
" $7,500,000 "," $10,849,158 "
" $300,000 "," $10,876 "
" $4,000,000 "," $10,898,293 "
" $4,000,000 "," $10,941,801 "
" $15,000,000 "," $10,951,153 "
" $60,000,000 "," $100,230,832 "
" $2,500,000 "," $100,280 "
" $5,000,000 "," $100,486,616 "
" $41,000,000 "," $100,622,586 "
" $8,000,000 "," $100,642,353 "
" $60,000,000 "," $100,645,801 "
" $31,000,000 "," $100,655,892 "
" $58,000,000 "," $100,687,083 "
" $46,000,000 "," $100,833,145 "
" $65,000,000 "," $100,851,897 "
" $12,000,000 "," $100,919,111 "
" $58,000,000 "," $100,993,260 "
" $60,000,000 "," $101,134,059 "
" $40,000,000 "," $101,162,106 "
" $7,303,082 "," $101,173,038 "
" $24,000,000 "," $101,363,301 "
" $80,000,000 "," $101,371,017 "
" $28,000,000 "," $101,379,287 "
" $60,000,000 "," $101,382,396 "
" $1,000,000 "," $101,531 "
" $19,000,000 "," $101,564,935 "
" $64,000,000 "," $101,636,047 "
" $4,200,000 "," $101,740 "
" $1,000,000 "," $101,759,490 "
" $3,000,000 "," $101,773 "
" $37,000,000 "," $101,857,425 "
" $25,000,000 "," $101,937,062 "
" $20,000,000 "," $102,034,104 "
" $28,000,000 "," $102,053,581 "
" $35,000,000 "," $102,115,888 "
" $36,000,000 "," $102,226,631 "
" $23,600,000 "," $102,236,596 "
" $6,000,000 "," $102,300,000 "
" $6,000,000 "," $102,308,900 "
" $39,000,000 "," $102,332,135 "
" $60,000,000 "," $102,332,848 "
" $26,000,000 "," $102,404,019 "
" $2,000,000 "," $102,645 "
" $30,000,000 "," $102,716,321 "
" $45,000,000 "," $102,746,214 "
" $1,000,000 "," $102,812 "
" $47,000,000 "," $102,825,796 "
" $14,000,000 "," $102,836,002 "
" $18,000,000 "," $102,912,961 "
" $25,000,000 "," $102,992,536 "
" $12,000,000 "," $103,028,188 "
" $100,000,000 "," $103,039,258 "
" $18,000,000 "," $103,215,094 "
" $30,000,000 "," $103,284,813 "
" $40,000,000 "," $103,429,755 "
" $28,000,000 "," $103,452,875 "
" $30,000 "," $103,509 "
" $5,000,000 "," $103,683,342 "
" $70,000,000 "," $103,735,965 "
" $35,000,000 "," $103,787,401 "
" $1,200,000 "," $103,880,027 "
" $73,000,000 "," $103,891,409 "
" $7,000,000 "," $103,962 "
" $60,000,000 "," $104,100,903 "
" $65,000,000 "," $104,267,443 "
" $30,000,000 "," $104,283,753 "
" $60,000,000 "," $104,324,083 "
" $57,000,000 "," $104,364,680 "
" $40,000,000 "," $104,407,366 "
" $60,000,000 "," $104,429,625 "
" $50,000,000 "," $104,488,383 "
" $16,000,000 "," $104,504,817 "
" $45,000,000 "," $104,505,362 "
" $95,000,000 "," $104,907,746 "
" $49,000,000 "," $105,002,056 "
" $88,000,000 "," $105,021,488 "
" $50,000,000 "," $105,103,783 "
" $28,000,000 "," $105,159,085 "
" $30,000,000 "," $105,173,042 "
" $50,000,000 "," $105,246,941 "
" $80,000,000 "," $105,299,638 "
" $2,000,000 "," $105,377 "
" $75,000,000 "," $105,445,109 "
" $38,000,000 "," $105,887,837 "
" $40,000,000 "," $105,945,357 "
" $90,000,000 "," $106,000,000 "
" $30,000,000 "," $106,030,660 "
" $31,000,000 "," $106,282,604 "
" $10,000,000 "," $106,466 "
" $40,000,000 "," $106,511,453 "
" $80,000,000 "," $106,515,310 "
" $40,000,000 "," $106,548,738 "
" $7,500,000 "," $106,593,296 "
" $30,000,000 "," $107,054,484 "
" $53,012,938 "," $107,190,108 "
" $120,000,000 "," $107,212,751 "
" $12,000,000 "," $107,217,396 "
" $38,000,000 "," $107,597,242 "
" $48,000,000 "," $107,752,036 "
" $62,000,000 "," $107,822,813 "
" $9,000,000 "," $107,967,319 "
" $78,000,000 "," $108,086,731 "
" $60,000,000 "," $108,119,662 "
" $54,000,000 "," $108,185,706 "
" $5,000,000 "," $108,286,422 "
" $80,000,000 "," $108,469,033 "
" $35,000,000 "," $108,758,521 "
" $2,500,000 "," $108,907 "
" $4,400,000 "," $108,981,275 "
" $60,000,000 "," $108,996,113 "
" $10,000,000 "," $109,144 "
" $18,500,000 "," $109,175,673 "
" $5,000,000 "," $109,273,197 "
" $72,500,000 "," $109,362,966 "
" $10,000,000 "," $109,383 "
" $13,000,000 "," $109,421,911 "
" $4,000,000 "," $109,492,484 "
" $17,000,000 "," $109,793,192 "
" $17,500,000 "," $109,843,390 "
" $53,000,000 "," $109,848,461 "
" $20,000,000 "," $109,862,682 "
" $5,000,000 "," $11,000,000 "
" $4,638,783 "," $11,000,000 "
" $2,300,000 "," $11,000,000 "
" $110,000 "," $11,000,000 "
" $1,250,000 "," $11,000,000 "
" $5,000,000 "," $11,014,685 "
" $47,000,000 "," $11,022,696 "
" $3,000,000 "," $11,052,713 "
" $25,000,000 "," $11,100,000 "
" $35,000,000 "," $11,106 "
" $25,000,000 "," $11,115,766 "
" $4,000,000 "," $11,131,455 "
" $13,000,000 "," $11,141,213 "
" $15,000,000 "," $11,156,471 "
" $14,000,000 "," $11,166,615 "
" $15,000,000 "," $11,173,718 "
" $1,500,000 "," $11,191,423 "
" $45,000,000 "," $11,203,026 "
" $17,000,000 "," $11,227,824 "
" $25,000,000 "," $11,229,035 "
" $2,000,000 "," $11,234,552 "
" $25,000,000 "," $11,253,821 "
" $2,000,000 "," $11,263,263 "
" $34,000,000 "," $11,263,966 "
" $3,000,000 "," $11,267,511 "
" $12,500,000 "," $11,277,119 "
" $3,000,000 "," $11,322,573 "
" $6,000,000 "," $11,348,205 "
" $14,000,000 "," $11,354,230 "
" $10,000,000 "," $11,400,000 "
" $60,000,000 "," $11,427,090 "
" $1,000,000 "," $11,495,204 "
" $55,000,000 "," $11,532,774 "
" $3,000,000 "," $11,537,539 "
" $16,000,000 "," $11,540,112 "
" $2,000,000 "," $11,546,543 "
" $35,000,000 "," $11,559,747 "
" $1,000,000 "," $11,574 "
" $30,000,000 "," $11,578,022 "
" $15,000,000 "," $11,599,903 "
" $25,000,000 "," $11,603,545 "
" $15,000,000 "," $11,614,954 "
" $5,200,000 "," $11,633,427 "
" $17,000,000 "," $11,634,458 "
" $6,000,000 "," $11,642,254 "
" $13,500,000 "," $11,732,088 "
" $13,700,000 "," $11,738,256 "
" $4,000,000 "," $11,744,471 "
" $20,000,000 "," $11,744,960 "
" $6,500,000 "," $11,745,931 "
" $42,000,000 "," $11,756,922 "
" $7,500,000 "," $11,758,418 "
" $10,000,000 "," $11,766,959 "
" $700,000 "," $11,768,371 "
" $4,500,000 "," $11,774 "
" $23,000,000 "," $11,778,396 "
" $6,000,000 "," $11,784,569 "
" $4,000,000 "," $11,799,060 "
" $1,500,000 "," $11,806,119 "
" $16,000,000 "," $11,810,854 "
" $20,000,000 "," $11,813,410 "
" $18,000,000 "," $11,813,989 "
" $12,500,000 "," $11,826,980 "
" $13,000,000 "," $11,831,131 "
" $7,500,000 "," $11,843,260 "
" $10,000,000 "," $11,894 "
" $15,000,000 "," $11,919,578 "
" $10,000,000 "," $11,924,041 "
" $900,000 "," $11,993,156 "
" $55,000,000 "," $110,387,072 "
" $52,000,000 "," $110,400,000 "
" $22,000,000 "," $110,521,733 "
" $100,000 "," $110,536 "
" $95,000,000 "," $110,623,265 "
" $38,000,000 "," $110,678,636 "
" $150,000 "," $110,719 "
" $12,000,000 "," $110,989,157 "
" $50,000,000 "," $111,300,835 "
" $20,000,000 "," $111,448,997 "
" $9,000,000 "," $111,534,881 "
" $9,500,000 "," $111,600,000 "
" $35,000,000 "," $111,854,182 "
" $11,000,000 "," $111,859,493 "
" $60,000,000 "," $111,946,251 "
" $45,000,000 "," $112,006,296 "
" $23,000,000 "," $112,036,870 "
" $47,500,000 "," $112,214,531 "
" $48,000,000 "," $112,610,386 "
" $25,000,000 "," $112,798,051 "
" $28,000,000 "," $112,914,167 "
" $32,500,000 "," $112,964,875 "
" $1,500,000 "," $113,169 "
" $50,000,000 "," $113,309,743 "
" $80,000,000 "," $113,325,743 "
" $35,000,000 "," $113,354,449 "
" $12,000,000 "," $113,373,764 "
" $46,000,000 "," $113,402,302 "
" $45,000,000 "," $113,417,762 "
" $1,000,000 "," $113,433 "
" $85,000,000 "," $113,487,912 "
" $68,000,000 "," $113,542,091 "
" $156,000,000 "," $113,611,666 "
" $46,000,000 "," $113,622,499 "
" $3,500,000 "," $113,783 "
" $55,000,000 "," $113,805,580 "
" $45,000,000 "," $113,916,474 "
" $25,000,000 "," $114,576,403 "
" $70,000,000 "," $114,658,262 "
" $30,000,000 "," $114,770,654 "
" $40,000,000 "," $114,830,111 "
" $35,000,000 "," $114,962,525 "
" $85,000,000 "," $114,979,922 "
" $30,250,000 "," $115,021,008 "
" $25,000,000 "," $115,036,108 "
" $30,000,000 "," $115,121,608 "
" $30,000,000 "," $115,150,424 "
" $15,000 "," $115,592 "
" $14,000,000 "," $115,592,104 "
" $3,000,000 "," $115,879 "
" $7,200,000 "," $116,000,000 "
" $30,000,000 "," $116,025,023 "
" $17,000,000 "," $116,044,347 "
" $35,000,000 "," $116,177,695 "
" $70,000,000 "," $116,625,798 "
" $47,000,000 "," $116,773,317 "
" $38,000,000 "," $116,809,717 "
" $32,000,000 "," $116,898,028 "
" $4,000,000 "," $117,085,297 "
" $50,000,000 "," $117,211,892 "
" $36,000,000 "," $117,448,157 "
" $38,000,000 "," $117,523,786 "
" $45,000,000 "," $117,615,211 "
" $35,000,000 "," $117,729,621 "
" $6,000,000 "," $117,796 "
" $70,000,000 "," $117,800,000 "
" $40,000,000 "," $118,097,882 "
" $10,800,000 "," $118,209,778 "
" $9,500,000 "," $118,482 "
" $20,000,000 "," $118,537,627 "
" $67,500,000 "," $118,556,530 "
" $10,000,000 "," $118,557,124 "
" $51,000,000 "," $118,583,844 "
" $2,500,000 "," $118,666 "
" $50,000,000 "," $118,729,073 "
" $13,000,000 "," $118,888,025 "
" $50,000,000 "," $119,114,494 "
" $50,000,000 "," $119,180,938 "
" $25,000,000 "," $119,295,584 "
" $6,000,000 "," $119,452 "
" $2,600,000 "," $119,500,000 "
" $75,000,000 "," $119,512,771 "
" $40,000,000 "," $119,627,047 "
" $80,000,000 "," $119,668,350 "
" $38,000,000 "," $119,721,296 "
" $16,000,000 "," $119,739,110 "
" $1,500,000 "," $119,841 "
" $25,000,000 "," $119,923,801 "
" $3,500,000 "," $12,000,000 "
" $21,600,000 "," $12,000,000 "
" $30,000,000 "," $12,017,369 "
" $7,300,000 "," $12,023,606 "
" $28,000,000 "," $12,031,443 "
" $3,000,000 "," $12,051,924 "
" $60,000,000 "," $12,069,719 "
" $12,000,000 "," $12,079,308 "
" $10,000,000 "," $12,179,708 "
" $15,000,000 "," $12,212,417 "
" $25,000,000 "," $12,219,367 "
" $1,700,000 "," $12,231,500 "
" $500,000 "," $12,232 "
" $5,000,000 "," $12,232,628 "
" $4,500,000 "," $12,247,682 "
" $35,000,000 "," $12,254,746 "
" $15,000,000 "," $12,262,065 "
" $2,500,000 "," $12,267,275 "
" $23,000,000 "," $12,291,975 "
" $2,500,000 "," $12,300,000 "
" $4,000,000 "," $12,302 "
" $12,500,000 "," $12,309,980 "
" $50,000,000 "," $12,335,036 "
" $44,000,000 "," $12,342,632 "
" $40,000,000 "," $12,345,883 "
" $24,000,000 "," $12,372,410 "
" $6,500,000 "," $12,376,563 "
" $20,000,000 "," $12,397,613 "
" $20,000,000 "," $12,398,628 "
" $3,300,000 "," $12,405,473 "
" $1,500,000 "," $12,412,889 "
" $25,000,000 "," $12,413,949 "
" $15,000,000 "," $12,419,700 "
" $1,900,000 "," $12,444 "
" $14,000,000 "," $12,452,601 "
" $6,000,000 "," $12,500,000 "
" $35,000,000 "," $12,506,188 "
" $9,000,000 "," $12,512,317 "
" $12,000,000 "," $12,516,222 "
" $16,000,000 "," $12,519,804 "
" $36,000,000 "," $12,532,777 "
" $10,000,000 "," $12,554,569 "
" $3,000,000 "," $12,577,401 "
" $14,000,000 "," $12,591,270 "
" $5,000,000 "," $12,592,907 "
" $3,500,000 "," $12,600,000 "
" $425,000 "," $12,604 "
" $40,000,000 "," $12,624,471 "
" $3,400,000 "," $12,636 "
" $9,000,000 "," $12,657,377 "
" $2,000,000 "," $12,667 "
" $15,000,000 "," $12,669,914 "
" $7,200,000 "," $12,678,312 "
" $8,000,000 "," $12,740,705 "
" $6,000,000 "," $12,793,213 "
" $3,500,000 "," $12,800,000 "
" $15,000,000 "," $12,801,190 "
" $23,000,000 "," $12,803,305 "
" $35,000,000 "," $12,819,501 "
" $4,000,000 "," $12,836 "
" $250,000 "," $12,848 "
" $25,000,000 "," $12,850,033 "
" $47,000,000 "," $12,900,000 "
" $16,000,000 "," $12,900,000 "
" $12,000,000 "," $12,905,901 "
" $55,000,000 "," $12,923,936 "
" $15,250,000 "," $12,930,343 "
" $1,000,000 "," $12,931,569 "
" $5,000,000 "," $12,947,763 "
" $5,000,000 "," $12,961,389 "
" $20,000,000 "," $12,967,829 "
" $1,000,000 "," $12,996 "
" $38,000,000 "," $120,000,000 "
" $4,000,000 "," $120,016 "
" $90,000,000 "," $120,100,000 "
" $15,000,000 "," $120,192,350 "
" $40,000,000 "," $120,455,994 "
" $10,000,000 "," $120,678,444 "
" $25,000,000 "," $120,832,383 "
" $37,500,000 "," $120,925,697 "
" $5,000,000 "," $121,016 "
" $40,000,000 "," $121,032,272 "
" $100,000,000 "," $121,100,000 "
" $60,000,000 "," $121,327,628 "
" $145,000,000 "," $121,671,925 "
" $10,700,000 "," $121,706,019 "
" $2,000,000 "," $121,807 "
" $45,000,000 "," $122,071,435 "
" $55,000,000 "," $122,079,192 "
" $20,000,000 "," $122,133,227 "
" $35,000,000 "," $122,213,085 "
" $13,000,000 "," $122,244,329 "
" $65,000,000 "," $122,519,874 "
" $30,000,000 "," $122,529,966 "
" $15,000,000 "," $123,327,692 "
" $3,100,000 "," $123,407 "
" $12,000,000 "," $123,681,790 "
" $25,000,000 "," $123,696,741 "
" $14,500,000 "," $123,709,460 "
" $150,000,000 "," $123,888,320 "
" $13,000,000 "," $123,922,370 "
" $70,000,000 "," $123,954,323 "
" $48,000,000 "," $124,304,264 "
" $60,000,000 "," $124,514,011 "
" $60,000,000 "," $124,715,863 "
" $40,000,000 "," $124,823,094 "
" $40,000,000 "," $124,827,316 "
" $3,000,000 "," $124,900,000 "
" $50,000,000 "," $125,168,734 "
" $10,500,000 "," $125,169 "
" $14,000,000 "," $125,212,904 "
" $17,000,000 "," $125,250,091 "
" $25,000,000 "," $125,339,088 "
" $60,000,000 "," $126,037,057 "
" $40,000,000 "," $126,069,509 "
" $35,000,000 "," $126,204,977 "
" $10,000,000 "," $126,247 "
" $400,000 "," $126,387 "
" $55,000,000 "," $126,425,115 "
" $32,000,000 "," $126,539,117 "
" $28,000,000 "," $126,549,607 "
" $40,000,000 "," $126,646,119 "
" $50,200,000 "," $126,931,325 "
" $8,000,000 "," $127,188 "
" $40,000,000 "," $127,234,389 "
" $75,000,000 "," $127,361,412 "
" $62,000,000 "," $127,630,030 "
" $22,000,000 "," $127,767,889 "
" $110,000,000 "," $127,983,283 "
" $45,000,000 "," $127,990,741 "
" $100,000,000 "," $128,131,571 "
" $16,000,000 "," $128,256,712 "
" $50,000,000 "," $128,402,901 "
" $65,000,000 "," $128,468,793 "
" $25,000,000 "," $128,745,578 "
" $40,000,000 "," $128,792,135 "
" $65,000,000 "," $128,874,043 "
" $40,000,000 "," $128,884,494 "
" $15,000,000 "," $128,885,873 "
" $15,000,000 "," $128,955,898 "
" $55,000,000 "," $129,075,270 "
" $25,000,000 "," $129,115 "
" $11,000,000 "," $129,262,388 "
" $1,600,000 "," $129,319 "
" $30,000,000 "," $129,779,728 "
" $60,000,000 "," $129,832,389 "
" $4,000,000 "," $13,000,000 "
" $3,000,000 "," $13,000,000 "
" $24,000,000 "," $13,000,000 "
" $11,000,000 "," $13,000,959 "
" $3,500,000 "," $13,007,551 "
" $23,000,000 "," $13,019,253 "
" $14,000,000 "," $13,024,170 "
" $25,000,000 "," $13,038,660 "
" $36,000,000 "," $13,052,741 "
" $9,000,000 "," $13,061,935 "
" $9,000,000 "," $13,075,390 "
" $5,000,000 "," $13,099,931 "
" $2,000,000 "," $13,129,846 "
" $500,000 "," $13,134 "
" $6,000,000 "," $13,168,809 "
" $27,000,000 "," $13,174,426 "
" $3,000,000 "," $13,200,000 "
" $18,000,000 "," $13,203,044 "
" $14,000,000 "," $13,205,411 "
" $40,000,000 "," $13,208,023 "
" $60,000,000 "," $13,233,220 "
" $15,000,000 "," $13,248,444 "
" $11,000,000 "," $13,353,855 "
" $20,000,000 "," $13,383,747 "
" $18,000,000 "," $13,400,000 "
" $4,500,000 "," $13,417,292 "
" $10,000,000 "," $13,423,176 "
" $25,000,000 "," $13,424,365 "
" $17,000,000 "," $13,446,115 "
" $3,700,000 "," $13,447,998 "
" $15,000,000 "," $13,454,474 "
" $1,300,000 "," $13,465 "
" $5,500,000 "," $13,480,196 "
" $450,000 "," $13,486 "
" $40,000,000 "," $13,508,635 "
" $7,500,000 "," $13,524 "
" $22,000,000 "," $13,555,988 "
" $11,000,000 "," $13,558,739 "
" $23,000,000 "," $13,593,473 "
" $70,000,000 "," $13,596,911 "
" $35,000,000 "," $13,601,109 "
" $16,500,000 "," $13,636,339 "
" $40,000,000 "," $13,644,292 "
" $19,000,000 "," $13,680,000 "
" $10,000,000 "," $13,684,949 "
" $18,500,000 "," $13,711,903 "
" $11,000,000 "," $13,719,474 "
" $6,000,000 "," $13,722 "
" $20,000,000 "," $13,725,032 "
" $26,000,000 "," $13,738,574 "
" $18,000,000 "," $13,747,234 "
" $7,000,000 "," $13,767,816 "
" $15,600,000 "," $13,771,817 "
" $3,500,000 "," $13,795,053 "
" $14,000,000 "," $13,800,000 "
" $20,000,000 "," $13,801,755 "
" $10,000,000 "," $13,835,130 "
" $16,000,000 "," $13,854,000 "
" $2,500,000 "," $13,881,317 "
" $2,000,000 "," $13,912,289 "
" $25,000,000 "," $13,973,532 "
" $50,000,000 "," $130,214,162 "
" $54,000,000 "," $130,402,010 "
" $80,000,000 "," $130,580,730 "
" $102,000,000 "," $130,673,154 "
" $27,000,000 "," $130,759,651 "
" $42,000,000 "," $130,788,243 "
" $1,000,000 "," $130,874 "
" $18,000,000 "," $130,953,026 "
" $60,000,000 "," $130,968,579 "
" $70,000,000 "," $131,011,757 "
" $42,000,000 "," $131,052,444 "
" $80,000,000 "," $131,159,306 "
" $53,000,000 "," $131,159,781 "
" $80,000,000 "," $131,234,406 "
" $45,000,000 "," $131,237,688 "
" $22,500,000 "," $131,263,370 "
" $60,000,000 "," $131,377,412 "
" $70,000,000 "," $131,445,884 "
" $75,000,000 "," $131,492,772 "
" $20,000,000 "," $131,945,303 "
" $20,000,000 "," $132,121,212 "
" $65,000,000 "," $132,397,389 "
" $40,000,000 "," $132,440,066 "
" $61,000,000 "," $132,493,015 "
" $113,500,000 "," $132,999,811 "
" $24,000,000 "," $133,000,000 "
" $30,000,000 "," $133,085,295 "
" $28,000,000 "," $133,162,752 "
" $3,400,000 "," $133,276,359 "
" $3,000,000 "," $133,411 "
" $140,000,000 "," $133,553,464 "
" $63,700,000 "," $133,603,463 "
" $17,000,000 "," $133,735,284 "
" $109,000,000 "," $133,818,283 "
" $30,000,000 "," $133,946,923 "
" $52,500,000 "," $134,612,435 "
" $2,000,000 "," $134,624 "
" $10,000,000 "," $134,639,780 "
" $16,500,000 "," $134,993,774 "
" $60,000,000 "," $135,015,330 "
" $26,000,000 "," $135,436 "
" $10,000,000 "," $135,759,694 "
" $45,000,000 "," $135,808,837 "
" $80,000,000 "," $136,047,317 "
" $40,000,000 "," $136,123,083 "
" $55,000,000 "," $136,143,605 "
" $30,000,000 "," $136,706,683 "
" $17,000,000 "," $136,890,774 "
" $45,000,000 "," $136,998,907 "
" $70,000,000 "," $137,022,245 "
" $40,000,000 "," $137,047,376 "
" $84,000,000 "," $137,162,560 "
" $85,000,000 "," $137,298,489 "
" $70,000,000 "," $137,431,619 "
" $67,500,000 "," $137,489,730 "
" $60,000,000 "," $137,551,594 "
" $65,000,000 "," $137,768,975 "
" $6,000,000 "," $137,963,328 "
" $25,000,000 "," $137,984,788 "
" $10,000 "," $138,711 "
" $35,000,000 "," $139,000,000 "
" $1,500,000 "," $139,084 "
" $28,000,000 "," $139,109,346 "
" $1,900,000 "," $139,317 "
" $34,000,000 "," $139,359,078 "
" $40,000,000 "," $139,474,906 "
" $14,000,000 "," $139,700,000 "
" $100,000,000 "," $139,716,717 "
" $53,000,000 "," $139,801,290 "
" $65,000,000 "," $139,840,525 "
" $90,000,000 "," $139,877,913 "
" $170,000 "," $14,000 "
" $3,500,000 "," $14,000,000 "
" $12,000,000 "," $14,010,363 "
" $16,000,000 "," $14,108,518 "
" $9,500,000 "," $14,114,000 "
" $14,000,000 "," $14,121,177 "
" $10,500,000 "," $14,140,402 "
" $10,000,000 "," $14,156,753 "
" $18,000,000 "," $14,189,810 "
" $7,000,000 "," $14,231,669 "
" $4,000,000 "," $14,237,880 "
" $15,000,000 "," $14,249,005 "
" $22,000,000 "," $14,252,830 "
" $1,600,000 "," $14,253,760 "
" $50,000,000 "," $14,271,297 "
" $34,000,000 "," $14,291,999 "
" $70,000,000 "," $14,294,842 "
" $2,300,000 "," $14,305,540 "
" $3,200,000 "," $14,314,407 "
" $6,537,890 "," $14,319,195 "
" $10,000,000 "," $14,321,070 "
" $25,000,000 "," $14,334,401 "
" $5,000,000 "," $14,343,976 "
" $40,000,000 "," $14,358,033 "
" $40,000,000 "," $14,375,181 "
" $36,000,000 "," $14,378,353 "
" $14,000,000 "," $14,395,874 "
" $4,000,000 "," $14,400,000 "
" $2,500,000 "," $14,400,000 "
" $3,200,000 "," $14,441,158 "
" $9,000,000 "," $14,443 "
" $40,000,000 "," $14,448,589 "
" $26,000,000 "," $14,469,428 "
" $35,000,000 "," $14,471,440 "
" $18,000,000 "," $14,488,705 "
" $17,700,000 "," $14,518,884 "
" $1,500,000 "," $14,533,681 "
" $6,000,000 "," $14,545,844 "
" $16,000,000 "," $14,553,807 "
" $1,000,000 "," $14,564,000 "
" $20,000,000 "," $14,566,246 "
" $20,000,000 "," $14,603,001 "
" $12,000,000 "," $14,616 "
" $7,000,000 "," $14,618,727 "
" $75,000,000 "," $14,623,082 "
" $5,600,000 "," $14,683,763 "
" $11,000,000 "," $14,786,394 "
" $16,000,000 "," $14,792,779 "
" $25,000,000 "," $14,805,812 "
" $20,000,000 "," $14,807,531 "
" $15,000,000 "," $14,811,980 "
" $640,000 "," $14,812 "
" $60,000,000 "," $14,816,379 "
" $60,000,000 "," $14,816,494 "
" $16,000,000 "," $14,839,383 "
" $5,000,000 "," $14,843,425 "
" $3,800,000 "," $14,873 "
" $20,000,000 "," $14,883,495 "
" $15,000,000 "," $14,933,713 "
" $40,000,000 "," $14,938,149 "
" $40,000,000 "," $14,942,422 "
" $15,000,000 "," $14,947,243 "
" $47,000,000 "," $14,970,038 "
" $13,000,000 "," $14,999,638 "
" $777,000 "," $140,000,000 "
" $175,000,000 "," $140,012,608 "
" $200,000 "," $140,016 "
" $20,000,000 "," $140,122,225 "
" $19,000,000 "," $140,428,314 "
" $32,000,000 "," $140,428,499 "
" $1,200,000 "," $140,556,781 "
" $5,000,000 "," $140,619,520 "
" $120,000,000 "," $140,845,191 "
" $28,000,000 "," $140,894,685 "
" $90,000,000 "," $140,900,000 "
" $35,000,000 "," $140,949,327 "
" $45,000,000 "," $141,189,101 "
" $9,000,000 "," $141,200,000 "
" $65,000,000 "," $141,205,169 "
" $23,000,000 "," $141,247,413 "
" $75,000,000 "," $141,267,370 "
" $80,000,000 "," $141,475,336 "
" $40,000,000 "," $141,484,812 "
" $3,000,000 "," $141,600,000 "
" $30,000,000 "," $141,661 "
" $18,000,000 "," $141,809,235 "
" $25,000,000 "," $142,033,509 "
" $30,000,000 "," $142,051,255 "
" $150,000,000 "," $142,634,358 "
" $80,000,000 "," $142,783,718 "
" $90,000,000 "," $143,049,560 "
" $5,000,000 "," $143,273 "
" $30,000,000 "," $143,490 "
" $8,000,000 "," $143,782 "
" $82,500,000 "," $143,985,708 "
" $50,000,000 "," $144,110,682 "
" $18,000,000 "," $144,529,078 "
" $40,000,000 "," $145,238,250 "
" $1,600,000 "," $145,382 "
" $100,000,000 "," $145,395,745 "
" $62,000,000 "," $145,443,360 "
" $61,000,000 "," $145,594,548 "
" $12,000,000 "," $145,712,897 "
" $8,000,000 "," $146,083 "
" $25,000,000 "," $146,149 "
" $45,000,000 "," $146,162,920 "
" $50,000,000 "," $146,195,159 "
" $40,000,000 "," $146,300,356 "
" $4,000,000 "," $146,402 "
" $22,000,000 "," $146,590,987 "
" $35,000,000 "," $146,595,891 "
" $26,000,000 "," $146,850,273 "
" $80,000,000 "," $147,080,413 "
" $50,000,000 "," $147,142,328 "
" $2,000,000 "," $147,299 "
" $14,500,000 "," $147,542,381 "
" $60,000,000 "," $147,985,373 "
" $15,000,000 "," $148,095,566 "
" $11,000,000 "," $148,168,459 "
" $65,000,000 "," $148,345,997 "
" $17,500,000 "," $148,586,910 "
" $86,000,000 "," $148,715,342 "
" $9,000,000 "," $148,826 "
" $5,000,000 "," $148,868,835 "
" $55,000,000 "," $149,022,650 "
" $57,000,000 "," $149,217,355 "
" $25,000,000 "," $149,228,078 "
" $51,000,000 "," $149,270,999 "
" $60,000,000 "," $149,705,852 "
" $85,000,000 "," $149,717,124 "
" $40,000,000 "," $149,804,632 "
" $5,000,000 "," $15,000,000 "
" $4,000,000 "," $15,000,000 "
" $36,500,000 "," $15,000,000 "
" $3,000,000 "," $15,000,000 "
" $8,500,000 "," $15,024,232 "
" $10,000,000 "," $15,037,867 "
" $20,000,000 "," $15,055,091 "
" $14,000,000 "," $15,064,948 "
" $5,800,000 "," $15,091 "
" $19,400,000 "," $15,118,795 "
" $5,000,000 "," $15,126,948 "
" $10,000,000 "," $15,132,211 "
" $15,000,000 "," $15,136,870 "
" $6,000,000 "," $15,137,932 "
" $5,500,000 "," $15,155,021 "
" $250,000 "," $15,155,095 "
" $1,000,000 "," $15,156 "
" $10,000,000 "," $15,164,492 "
" $14,000,000 "," $15,171,475 "
" $4,900,000 "," $15,198 "
" $10,000,000 "," $15,198,912 "
" $150,000 "," $15,200,000 "
" $7,000,000 "," $15,206,330 "
" $10,000,000 "," $15,297,318 "
" $2,600,000 "," $15,298,355 "
" $30,000,000 "," $15,313,631 "
" $5,000,000 "," $15,318,257 "
" $30,000,000 "," $15,358,583 "
" $2,000,000 "," $15,396,525 "
" $22,000,000 "," $15,434,375 "
" $28,500,000 "," $15,452,978 "
" $35,000,000 "," $15,461,638 "
" $20,000,000 "," $15,466,961 "
" $25,000,000 "," $15,468,266 "
" $7,000,000 "," $15,471,229 "
" $35,000,000 "," $15,471,969 "
" $20,000,000 "," $15,473,333 "
" $50,000,000 "," $15,505,922 "
" $14,000,000 "," $15,549,702 "
" $2,700,000 "," $15,600,000 "
" $8,000,000 "," $15,644,196 "
" $12,000,000 "," $15,668,012 "
" $17,000,000 "," $15,680,099 "
" $18,000,000 "," $15,696,146 "
" $5,500,000 "," $15,700,000 "
" $22,000,000 "," $15,716,828 "
" $23,000,000 "," $15,728,335 "
" $27,500,000 "," $15,815,509 "
" $31,000,000 "," $15,826,984 "
" $5,500,000 "," $15,867,314 "
" $25,000,000 "," $15,907,411 "
" $19,000,000 "," $15,911,332 "
" $3,000,000 "," $15,935,068 "
" $1,000,000 "," $15,943,081 "
" $16,000,000 "," $15,980,376 "
" $46,000,000 "," $150,000,000 "
" $10,000,000 "," $150,191 "
" $20,000,000 "," $150,350,000 "
" $85,000,000 "," $150,422,946 "
" $110,000,000 "," $150,468,000 "
" $79,000,000 "," $150,519,217 "
" $70,000,000 "," $150,562,164 "
" $40,000,000 "," $150,886,329 "
" $48,000,000 "," $151,463,090 "
" $23,000,000 "," $151,496,097 "
" $18,000,000 "," $151,668,774 "
" $175,000,000 "," $151,716,815 "
" $55,000,000 "," $151,947,179 "
" $50,000,000 "," $152,022,333 "
" $32,000,000 "," $152,036,382 "
" $40,000,000 "," $152,266,007 "
" $55,000,000 "," $152,269,033 "
" $110,000,000 "," $152,364,370 "
" $500,000 "," $152,449 "
" $60,000,000 "," $152,457,863 "
" $25,000,000 "," $152,500,343 "
" $37,000,000 "," $152,566,881 "
" $30,000,000 "," $152,627,960 "
" $5,000,000 "," $152,925,093 "
" $57,000,000 "," $153,007,424 "
" $40,000,000 "," $153,060,045 "
" $55,000,000 "," $153,535,982 "
" $20,000,000 "," $153,698,625 "
" $25,000,000 "," $153,733,800 "
" $55,000,000 "," $154,017,885 "
" $140,000,000 "," $154,110,769 "
" $20,000,000 "," $154,218,168 "
" $54,000,000 "," $154,338,601 "
" $65,000,000 "," $154,362,963 "
" $40,000,000 "," $155,011,165 "
" $14,000,000 "," $155,056,263 "
" $45,000,000 "," $155,200,000 "
" $27,000,000 "," $155,564,919 "
" $75,000,000 "," $155,708,695 "
" $90,000,000 "," $155,750,628 "
" $30,000,000 "," $155,769,678 "
" $45,000,000 "," $155,931,301 "
" $42,000,000 "," $156,167,015 "
" $24,000,000 "," $156,229,050 "
" $3,000,000 "," $156,362 "
" $50,000,000 "," $156,399,644 "
" $40,000,000 "," $156,553,592 "
" $50,000,000 "," $156,602,194 "
" $160,000 "," $156,612 "
" $70,000,000 "," $156,815,529 "
" $30,000,000 "," $156,822,020 "
" $36,000,000 "," $156,835,197 "
" $65,000,000 "," $156,974,557 "
" $18,000,000 "," $157,002 "
" $90,000,000 "," $157,092,943 "
" $60,000,000 "," $157,670,733 "
" $85,000,000 "," $157,794,205 "
" $135,000,000 "," $157,956,466 "
" $10,000,000 "," $158,185,073 "
" $55,000,000 "," $158,500,000 "
" $40,000,000 "," $158,527,918 "
" $40,000,000 "," $158,701,644 "
" $70,000,000 "," $158,702,748 "
" $80,000,000 "," $158,750,817 "
" $58,000,000 "," $158,905,324 "
" $80,000,000 "," $158,908,290 "
" $80,000,000 "," $158,926,474 "
" $14,400,000 "," $159,157,447 "
" $60,000,000 "," $159,356,941 "
" $55,000,000 "," $159,387,195 "
" $5,500,000 "," $159,616,327 "
" $95,000,000 "," $159,691,085 "
" $50,000,000 "," $159,745,279 "
" $90,000,000 "," $159,762,983 "
" $35,000,000 "," $159,846,429 "
" $18,000,000 "," $16,011,975 "
" $5,000,000 "," $16,017,403 "
" $6,800,000 "," $16,038,343 "
" $10,000,000 "," $16,084,310 "
" $25,000,000 "," $16,118,077 "
" $55,000,000 "," $16,123,323 "
" $2,000,000 "," $16,131,551 "
" $103,000 "," $16,137 "
" $17,000,000 "," $16,140,842 "
" $7,000,000 "," $16,149,180 "
" $46,500,000 "," $16,149,791 "
" $10,000,000 "," $16,153,000 "
" $16,500,000 "," $16,157,923 "
" $40,000,000 "," $16,172,200 "
" $40,000,000 "," $16,173,593 "
" $1,000,000 "," $16,173,879 "
" $12,500,000 "," $16,193,713 "
" $9,000,000 "," $16,235,738 "
" $30,000,000 "," $16,295,774 "
" $24,000,000 "," $16,304,786 "
" $28,000,000 "," $16,311,335 "
" $17,000,000 "," $16,316,273 "
" $12,000,000 "," $16,349,034 "
" $6,000,000 "," $16,369,708 "
" $18,000,000 "," $16,382,538 "
" $25,000,000 "," $16,425,701 "
" $19,700,000 "," $16,498,827 "
" $17,000,000 "," $16,510,971 "
" $5,000,000 "," $16,515,203 "
" $26,000,000 "," $16,521,410 "
" $1,000,000 "," $16,553,163 "
" $2,650,000 "," $16,556 "
" $27,000,000 "," $16,566,235 "
" $1,000,000 "," $16,566,240 "
" $50,000,000 "," $16,581,575 "
" $8,000,000 "," $16,585,503 "
" $2,000,000 "," $16,610,760 "
" $20,000,000 "," $16,612,072 "
" $5,000,000 "," $16,628,751 "
" $32,000,000 "," $16,640,210 "
" $1,300,000 "," $16,653 "
" $10,000,000 "," $16,667,084 "
" $20,000,000 "," $16,723,377 "
" $25,000,000 "," $16,727,470 "
" $13,000,000 "," $16,757,163 "
" $15,000,000 "," $16,829,464 "
" $35,000,000 "," $16,830,252 "
" $7,000,000 "," $16,866,928 "
" $20,000,000 "," $16,907,831 "
" $820,000 "," $16,909 "
" $30,000,000 "," $16,910,708 "
" $14,000,000 "," $16,951,798 "
" $18,000,000 "," $16,959,614 "
" $24,000,000 "," $16,980,098 "
" $20,000,000 "," $16,988,996 "
" $36,000,000 "," $160,000,000 "
" $60,000,000 "," $160,038,407 "
" $30,000,000 "," $160,247,805 "
" $70,000,000 "," $160,379,930 "
" $82,500,000 "," $160,388,063 "
" $30,000,000 "," $160,502,573 "
" $31,000,000 "," $160,558,438 "
" $46,000,000 "," $160,648,493 "
" $60,000,000 "," $160,700,000 "
" $26,000,000 "," $160,822,438 "
" $15,000,000 "," $160,903,019 "
" $45,000,000 "," $160,971,922 "
" $10,000,000 "," $161,097 "
" $85,000,000 "," $161,510,853 "
" $50,000,000 "," $161,626,121 "
" $7,000,000 "," $161,800,000 "
" $40,000,000 "," $161,838,076 "
" $5,000,000 "," $161,921,515 "
" $50,000,000 "," $161,941,727 "
" $200,000 "," $162,605 "
" $40,000,000 "," $162,610,473 "
" $47,000,000 "," $162,738,726 "
" $90,000,000 "," $162,753,837 "
" $60,000,000 "," $162,778,384 "
" $30,000,000 "," $162,838,373 "
" $92,500,000 "," $162,839,667 "
" $73,000,000 "," $162,870,525 "
" $120,000,000 "," $163,018,913 "
" $3,000,000 "," $163,069 "
" $45,000,000 "," $163,126,676 "
" $65,000,000 "," $163,295,654 "
" $65,000,000 "," $163,527,824 "
" $30,000,000 "," $163,644,662 "
" $135,000,000 "," $163,818,556 "
" $55,000,000 "," $163,838,217 "
" $10,000,000 "," $163,876,815 "
" $25,000,000 "," $164,051,250 "
" $13,400,000 "," $164,247 "
" $60,000,000 "," $164,285,587 "
" $31,000,000 "," $164,350,409 "
" $45,000,000 "," $164,539,660 "
" $20,000,000 "," $164,675,402 "
" $80,000,000 "," $164,800,000 "
" $60,000,000 "," $165,048,228 "
" $1,500,000 "," $165,049 "
" $35,000,000 "," $165,103,952 "
" $115,000,000 "," $165,149,302 "
" $80,000,000 "," $165,173,909 "
" $30,000,000 "," $165,334,774 "
" $33,000,000 "," $165,552,290 "
" $44,000,000 "," $165,600,852 "
" $30,000,000 "," $165,889,117 "
" $60,000,000 "," $165,890,634 "
" $90,000,000 "," $165,900,000 "
" $120,000,000 "," $166,000,000 "
" $84,000,000 "," $166,307,945 "
" $54,000,000 "," $166,617,328 "
" $30,000,000 "," $166,842,739 "
" $40,000,000 "," $166,893,990 "
" $120,000,000 "," $167,117,548 "
" $155,000,000 "," $167,297,191 "
" $15,000,000 "," $167,780,960 "
" $30,000,000 "," $167,791,704 "
" $40,000,000 "," $167,851,995 "
" $110,000,000 "," $167,918,847 "
" $37,000,000 "," $168,167,798 "
" $80,000,000 "," $168,311,558 "
" $30,000,000 "," $168,832 "
" $29,000,000 "," $168,841,459 "
" $30,000,000 "," $169,173,206 "
" $170,000 "," $169,242 "
" $100,000,000 "," $169,296,573 "
" $90,000,000 "," $169,400,000 "
" $95,000,000 "," $169,511,609 "
" $40,000,000 "," $169,590,606 "
" $60,000,000 "," $169,740,988 "
" $17,500,000 "," $169,955,142 "
" $500,000 "," $17,000,000 "
" $7,000,000 "," $17,005,466 "
" $2,900,000 "," $17,006,158 "
" $7,000,000 "," $17,023,121 "
" $40,000,000 "," $17,033,431 "
" $10,000,000 "," $17,033,556 "
" $2,000,000 "," $17,061 "
" $1,000,000 "," $17,127 "
" $9,200,000 "," $17,155,193 "
" $8,500,000 "," $17,202,854 "
" $22,000,000 "," $17,216,955 "
" $65,000,000 "," $17,218,916 "
" $8,500,000 "," $17,220,091 "
" $45,000,000 "," $17,220,599 "
" $15,000,000 "," $17,224,539 "
" $300,000 "," $17,241 "
" $5,000,000 "," $17,250,101 "
" $6,000,000 "," $17,252,287 "
" $12,000,000 "," $17,292,381 "
" $10,000,000 "," $17,300,838 "
" $20,000,000 "," $17,306,648 "
" $12,000,000 "," $17,322,212 "
" $5,000,000 "," $17,329,337 "
" $18,000,000 "," $17,360,801 "
" $38,000,000 "," $17,378,193 "
" $8,000,000 "," $17,394,881 "
" $21,000,000 "," $17,396 "
" $2,000,000 "," $17,403,168 "
" $20,000,000 "," $17,430,594 "
" $10,000,000 "," $17,433,072 "
" $9,000,000 "," $17,462,398 "
" $12,000,000 "," $17,475,475 "
" $3,000,000 "," $17,489,009 "
" $45,000,000 "," $17,492,014 "
" $5,000,000 "," $17,499,242 "
" $180,000 "," $17,503 "
" $10,000,000 "," $17,536,256 "
" $900,000 "," $17,549,645 "
" $9,800,000 "," $17,553,055 "
" $4,900,000 "," $17,561,100 "
" $3,000,000 "," $17,570,324 "
" $21,000,000 "," $17,589,867 "
" $4,000,000 "," $17,639 "
" $10,000,000 "," $17,657,973 "
" $20,000,000 "," $17,684,355 "
" $10,000,000 "," $17,704,131 "
" $1,000,000 "," $17,721 "
" $21,000,000 "," $17,760,244 "
" $5,000,000 "," $17,768,757 "
" $9,000,000 "," $17,804,273 "
" $20,000,000 "," $17,807,569 "
" $38,000,000 "," $17,830,244 "
" $13,000,000 "," $17,856,688 "
" $30,000,000 "," $17,865,209 "
" $2,000,000 "," $17,896 "
" $35,000,000 "," $17,967,746 "
" $1,000,000 "," $17,985,000 "
" $60,000,000 "," $170,200,225 "
" $45,000,000 "," $170,327,930 "
" $30,000,000 "," $170,466,405 "
" $7,000,000 "," $170,549,753 "
" $80,000,000 "," $170,805,525 "
" $100,000,000 "," $170,936,470 "
" $50,000,000 "," $171,269,535 "
" $25,000,000 "," $171,302,226 "
" $100,000,000 "," $171,377,916 "
" $110,000,000 "," $171,484,051 "
" $20,000,000 "," $171,685,793 "
" $650,000 "," $171,962 "
" $50,000,000 "," $172,185,754 "
" $60,000,000 "," $172,450,423 "
" $70,000,000 "," $172,543,519 "
" $1,500,000 "," $172,569 "
" $65,000,000 "," $172,825,854 "
" $2,900,000 "," $172,867 "
" $42,000,000 "," $173,044,410 "
" $15,000,000 "," $173,046,663 "
" $1,500,000 "," $173,066 "
" $10,000,000 "," $173,472 "
" $33,000,000 "," $173,559,438 "
" $37,000,000 "," $173,567,581 "
" $600,000 "," $173,599 "
" $10,000,000 "," $173,613 "
" $85,000,000 "," $173,613,482 "
" $70,000,000 "," $174,102,281 "
" $175,000,000 "," $174,131,329 "
" $10,350,000 "," $174,201,661 "
" $2,500,000 "," $174,255 "
" $55,000,000 "," $174,463,257 "
" $200,000 "," $174,682 "
" $45,000,000 "," $174,810,815 "
" $35,000,000 "," $175,361,578 "
" $20,000,000 "," $175,507,800 "
" $22,000,000 "," $175,516,617 "
" $163,000,000 "," $175,910,315 "
" $72,000,000 "," $176,101,721 "
" $60,000,000 "," $176,262,839 "
" $55,000,000 "," $176,469,428 "
" $30,000,000 "," $176,885,658 "
" $13,900,000 "," $177,012,173 "
" $30,000,000 "," $177,025,498 "
" $15,000,000 "," $177,200,000 "
" $110,000,000 "," $177,241,171 "
" $26,000,000 "," $177,344,230 "
" $300,000 "," $177,507 "
" $3,000,000 "," $177,512,032 "
" $17,000,000 "," $177,535,958 "
" $40,000,000 "," $177,835,231 "
" $80,000,000 "," $177,993,801 "
" $80,000,000 "," $178,066,569 "
" $250,000 "," $178,095 "
" $45,000,000 "," $178,100,000 "
" $115,000,000 "," $178,200,000 "
" $12,000,000 "," $178,287 "
" $40,000,000 "," $178,710,620 "
" $50,000,000 "," $178,890,782 "
" $53,000,000 "," $179,209,685 "
" $78,000,000 "," $179,265,204 "
" $149,000,000 "," $179,357,126 "
" $2,000,000 "," $18,016,290 "
" $8,000,000 "," $18,090,181 "
" $6,500,000 "," $18,110,152 "
" $67,000,000 "," $18,115,927 "
" $45,000,000 "," $18,120,267 "
" $7,000,000 "," $18,190,831 "
" $32,000,000 "," $18,195,238 "
" $6,000,000 "," $18,209,872 "
" $9,000,000 "," $18,225,165 "
" $20,000,000 "," $18,250,106 "
" $15,000,000 "," $18,260,865 "
" $20,000,000 "," $18,273,009 "
" $15,000,000 "," $18,301,418 "
" $3,450,000 "," $18,309,793 "
" $20,000,000 "," $18,310,591 "
" $47,500,000 "," $18,329,653 "
" $2,000,000 "," $18,344,729 "
" $35,000,000 "," $18,376,443 "
" $20,000,000 "," $18,400,000 "
" $10,000,000 "," $18,423,914 "
" $3,500,000 "," $18,495,444 "
" $26,000,000 "," $18,496,522 "
" $6,000,000 "," $18,504,539 "
" $92,000,000 "," $18,517,322 "
" $15,000,000 "," $18,524,496 "
" $5,600,000 "," $18,527,766 "
" $30,000,000 "," $18,535,575 "
" $32,000,000 "," $18,552,460 "
" $55,000,000 "," $18,582,965 "
" $20,000,000 "," $18,608,570 "
" $7,000,000 "," $18,642,318 "
" $23,000,000 "," $18,653,615 "
" $1,125,000 "," $18,673,274 "
" $62,000,000 "," $18,708,848 "
" $10,100,000 "," $18,726,300 "
" $13,000,000 "," $18,733,666 "
" $30,000,000 "," $18,765,585 "
" $9,000,000 "," $18,802,255 "
" $250,000 "," $18,823 "
" $20,000,000 "," $18,826,490 "
" $8,000,000 "," $18,828,036 "
" $15,000,000 "," $18,856,151 "
" $9,100,000 "," $18,872,126 "
" $8,000,000 "," $18,959,424 "
" $25,000,000 "," $18,991,288 "
" $180,000,000 "," $180,047,784 "
" $65,000,000 "," $180,148,897 "
" $80,000,000 "," $180,188,905 "
" $20,000,000 "," $181,025,343 "
" $80,000,000 "," $181,038,616 "
" $1,100 "," $181,041 "
" $40,000,000 "," $181,053,657 "
" $25,000,000 "," $181,185,387 "
" $20,000,000 "," $181,457,297 "
" $30,000,000 "," $181,489,203 "
" $160,000,000 "," $181,674,817 "
" $6,000,000 "," $181,798 "
" $179,000,000 "," $181,982,519 "
" $42,000,000 "," $182,156 "
" $35,000,000 "," $182,291,969 "
" $2,450,000 "," $182,358 "
" $38,000,000 "," $182,365,114 "
" $3,500,000 "," $182,695 "
" $80,000,000 "," $182,782,518 "
" $20,000,000 "," $183,097,323 "
" $97,000,000 "," $183,124,621 "
" $17,000,000 "," $183,316,455 "
" $80,000,000 "," $183,354,514 "
" $138,000,000 "," $184,068,357 "
" $30,000,000 "," $184,075,552 "
" $9,000,000 "," $184,255 "
" $1,500,000 "," $184,705 "
" $1,488,000 "," $184,925,485 "
" $14,000,000 "," $185,400,000 "
" $4,000,000 "," $185,577 "
" $85,000,000 "," $185,708,462 "
" $50,000,000 "," $185,798,265 "
" $26,000,000 "," $185,904,750 "
" $90,000,000 "," $186,049,020 "
" $50,000,000 "," $186,450,317 "
" $60,000,000 "," $186,883,563 "
" $10,000,000 "," $187,281,115 "
" $40,000,000 "," $187,384,627 "
" $27,500,000 "," $187,500,000 "
" $29,000,000 "," $187,707,495 "
" $45,000,000 "," $187,995,859 "
" $91,000,000 "," $188,536,838 "
" $63,000,000 "," $188,657,593 "
" $58,000,000 "," $188,715,611 "
" $66,000,000 "," $189,176,423 "
" $55,000,000 "," $189,624,452 "
" $22,000,000 "," $189,800,000 "
" $25,000,000 "," $189,922,583 "
" $12,000,000 "," $19,000,000 "
" $15,000,000 "," $19,014,238 "
" $30,000,000 "," $19,035,741 "
" $12,600,000 "," $19,054,534 "
" $10,000,000 "," $19,080,435 "
" $20,000,000 "," $19,121,531 "
" $23,000,000 "," $19,123,851 "
" $15,000,000 "," $19,153,568 "
" $2,800,000 "," $19,170,001 "
" $4,000,000 "," $19,174,817 "
" $3,000,000 "," $19,184,820 "
" $25,000,000 "," $19,233,280 "
" $35,000,000 "," $19,282,590 "
" $12,000,000 "," $19,287,485 "
" $22,000,000 "," $19,288,130 "
" $38,000,000 "," $19,317,765 "
" $15,000,000 "," $19,344,615 "
" $12,000,000 "," $19,379,463 "
" $40,000,000 "," $19,417,182 "
" $5,000,000 "," $19,421,271 "
" $5,000,000 "," $19,438,638 "
" $20,000,000 "," $19,450,780 "
" $3,000,000 "," $19,472,057 "
" $10,000,000 "," $19,535,005 "
" $70,000,000 "," $19,548,419 "
" $22,000,000 "," $19,563,579 "
" $9,300,000 "," $19,571,091 "
" $8,000,000 "," $19,585 "
" $30,000,000 "," $19,599,974 "
" $5,000,000 "," $19,600,000 "
" $14,000,000 "," $19,637,147 "
" $18,000,000 "," $19,685,588 "
" $17,000,000 "," $19,693,891 "
" $10,000,000 "," $19,716 "
" $18,000,000 "," $19,739,000 "
" $40,000,000 "," $19,756,077 "
" $500,000 "," $19,800 "
" $10,000,000 "," $19,860,259 "
" $70,000,000 "," $19,870,567 "
" $3,300,000 "," $19,875 "
" $8,000,000 "," $19,891,331 "
" $30,000,000 "," $19,892,205 "
" $13,000,000 "," $19,910,624 "
" $13,000,000 "," $19,929,123 "
" $11,000,000 "," $19,947,280 "
" $23,000,000 "," $190,191,646 "
" $40,000,000 "," $190,212,113 "
" $82,000,000 "," $190,320,568 "
" $90,000,000 "," $191,091,250 "
" $90,000,000 "," $191,200,000 "
" $40,000,000 "," $191,200,000 "
" $30,000,000 "," $191,502,246 "
" $250,000 "," $191,862 "
" $85,000,000 "," $191,932,158 "
" $55,000,000 "," $192,903,624 "
" $68,000,000 "," $193,500,000 "
" $36,000,000 "," $193,737,977 "
" $60,000,000 "," $193,857,962 "
" $60,000,000 "," $194,058,503 "
" $66,000,000 "," $194,169,619 "
" $450,000 "," $194,183,034 "
" $1,500,000 "," $194,568 "
" $150,000,000 "," $194,995,215 "
" $25,000 "," $195,043 "
" $40,000,000 "," $195,111,193 "
" $15,000 "," $195,254 "
" $28,000,000 "," $195,300,000 "
" $56,000,000 "," $195,660,942 "
" $7,000,000 "," $196,067 "
" $40,000,000 "," $196,090 "
" $48,000,000 "," $196,308,367 "
" $75,000,000 "," $196,320,329 "
" $60,000,000 "," $196,439,693 "
" $55,000,000 "," $196,565,669 "
" $12,000,000 "," $196,857 "
" $40,000,000 "," $197,232,734 "
" $60,000,000 "," $197,242,826 "
" $30,000,000 "," $197,593,152 "
" $30,000,000 "," $197,618,160 "
" $195,000,000 "," $197,687,603 "
" $35,000,000 "," $197,692,062 "
" $56,000,000 "," $198,006,880 "
" $55,000,000 "," $198,750,909 "
" $8,500,000 "," $198,883 "
" $60,000,000 "," $199,043,309 "
" $5,200,000 "," $2,000,000 "
" $35,000,000 "," $2,000,000 "
" $200,000 "," $2,000,000 "
" $20,000,000 "," $2,000,000 "
" $11,000,000 "," $2,000,000 "
" $1,200,000 "," $2,000,000 "
" $9,000,000 "," $2,000,093 "
" $2,500,000 "," $2,013,052 "
" $1,000,000 "," $2,022,442 "
" $6,500,000 "," $2,025,032 "
" $7,000 "," $2,041,928 "
" $2,000,000 "," $2,046,090 "
" $500,000 "," $2,047,570 "
" $7,000,000 "," $2,053,330 "
" $306,000,000 "," $2,058,662,225 "
" $12,000,000 "," $2,062,406 "
" $300,000 "," $2,066,892 "
" $2,000,000 "," $2,077,844 "
" $5,000,000 "," $2,080,693 "
" $1,500,000 "," $2,082,980 "
" $175,000 "," $2,102,779 "
" $12,000,000 "," $2,104,164 "
" $13,000,000 "," $2,104,439 "
" $1,500,000 "," $2,105 "
" $6,100,000 "," $2,108,367 "
" $17,000,000 "," $2,110,050 "
" $19,000,000 "," $2,119,994 "
" $5,952,000 "," $2,120,439 "
" $11,000,000 "," $2,124,005 "
" $500,000 "," $2,141,436 "
" $2,000,000 "," $2,151,887 "
" $45,000,000 "," $2,154,540 "
" $7,000,000 "," $2,165,637 "
" $800,000 "," $2,194,020 "
" $5,000,000 "," $2,199 "
" $11,000,000 "," $2,200,000 "
" $200,000,000 "," $2,207,615,668 "
" $35,000,000 "," $2,221,994 "
" $2,000,000 "," $2,226,603 "
" $9,000,000 "," $2,243 "
" $20,000,000 "," $2,246,000 "
" $3,000,000 "," $2,255,000 "
" $8,000,000 "," $2,256,606 "
" $12,500,000 "," $2,272,186 "
" $8,000,000 "," $2,275,557 "
" $2,000,000 "," $2,279,959 "
" $439,000 "," $2,281,000 "
" $16,800,000 "," $2,281,089 "
" $20,000,000 "," $2,282,710 "
" $1,500,000 "," $2,300,000 "
" $650,000 "," $2,301,777 "
" $17,000,000 "," $2,315,000 "
" $1,000,000 "," $2,315,026 "
" $12,000,000 "," $2,326,407 "
" $50,000 "," $2,335,352 "
" $2,000,000 "," $2,350,641 "
" $5,000,000 "," $2,368,937 "
" $10,000,000 "," $2,373,937 "
" $1,500,000 "," $2,380,606 "
" $18,000,000 "," $2,401,413 "
" $4,500,000 "," $2,404,639 "
" $19,100,000 "," $2,406,666 "
" $27,000,000 "," $2,412,123 "
" $2,000,000 "," $2,419,669 "
" $200,000 "," $2,430,735 "
" $2,000,000 "," $2,436 "
" $3,750,000 "," $2,436,111 "
" $14,000,000 "," $2,461,628 "
" $8,000,000 "," $2,476,491 "
" $250,000 "," $2,477,155 "
" $4,500,000 "," $2,481,925 "
" $18,000,000 "," $2,483,790 "
" $325,000 "," $2,500,000 "
" $1,250,000 "," $2,500,000 "
" $1,700,000 "," $2,507,159 "
" $1,200,000 "," $2,509,344 "
" $6,000,000 "," $2,522,928 "
" $300,000 "," $2,525,984 "
" $10,000,000 "," $2,529,395 "
" $4,030,000 "," $2,542,264 "
" $9,000,000 "," $2,548,378 "
" $1,500,000 "," $2,592,308 "
" $1,600,000 "," $2,595,644 "
" $8,300,000 "," $2,598,224 "
" $175,000 "," $2,602 "
" $13,000,000 "," $2,613,717 "
" $1,455,000 "," $2,620,000 "
" $1,600,000 "," $2,627,795 "
" $1,100,000 "," $2,636 "
" $300,000 "," $2,652,515 "
" $7,000,000 "," $2,667,084 "
" $1,000,000 "," $2,684,207 "
" $17,000,000 "," $2,694,071 "
" $230,000 "," $2,703,762 "
" $7,000,000 "," $2,703,821 "
" $450,000 "," $2,712,293 "
" $23,000,000 "," $2,715,657 "
" $30,000,000 "," $2,717,302 "
" $1,000,000 "," $2,721,096 "
" $8,000,000 "," $2,721,534 "
" $1,500,000 "," $2,730,877 "
" $8,000,000 "," $2,772,511 "
" $425,000,000 "," $2,783,918,982 "
" $2,000,000 "," $2,791,973 "
" $4,000,000 "," $2,793,776 "
" $11,000,000 "," $2,794,056 "
" $400,000 "," $2,797,199 "
" $16,000,000 "," $2,814,566 "
" $5,000,000 "," $2,821,010 "
" $3,200,000 "," $2,828,590 "
" $1,200,000 "," $2,832,029 "
" $20,700,000 "," $2,840,417 "
" $11,000,000 "," $2,844,379 "
" $1,200,000 "," $2,859,955 "
" $10,800,000 "," $2,862,544 "
" $25,000 "," $2,883,661 "
" $1,700,000 "," $2,891,228 "
" $13,000,000 "," $2,898,225 "
" $32,000,000 "," $2,899,970 "
" $800,000 "," $2,900,578 "
" $4,000,000 "," $2,922,988 "
" $26,000,000 "," $2,923,959 "
" $430,000 "," $2,938,000 "
" $1,250,000 "," $2,940,411 "
" $36,000,000 "," $2,954,405 "
" $3,700,000 "," $2,956,000 "
" $3,000,000 "," $2,962,051 "
" $12,000,000 "," $2,975,188 "
" $25,000,000 "," $2,976,636 "
" $600,000 "," $20,000,000 "
" $8,000,000 "," $20,005,613 "
" $4,000,000 "," $20,008,693 "
" $22,000,000 "," $20,034,713 "
" $9,000,000 "," $20,035,310 "
" $8,000,000 "," $20,036,244 "
" $25,000,000 "," $20,052,958 "
" $100,000 "," $20,056 "
" $20,000,000 "," $20,081,987 "
" $5,250,000 "," $20,097 "
" $70,000,000 "," $20,107,933 "
" $12,000,000 "," $20,122,558 "
" $3,000,000 "," $20,123,742 "
" $45,000,000 "," $20,133,326 "
" $29,000,000 "," $20,146,150 "
" $17,500,000 "," $20,159,316 "
" $11,000,000 "," $20,169,934 "
" $5,250,000 "," $20,188,740 "
" $6,250,000 "," $20,199,663 "
" $7,000,000 "," $20,257,000 "
" $20,000,000 "," $20,268,825 "
" $40,000,000 "," $20,278,055 "
" $8,500,000 "," $20,288,774 "
" $10,000,000 "," $20,384,136 "
" $11,000,000 "," $20,388,920 "
" $6,000,000 "," $20,400,000 "
" $1,500,000 "," $20,412,216 "
" $6,500,000 "," $20,412,841 "
" $49,000,000 "," $20,423,389 "
" $3,400,000 "," $20,433,227 "
" $17,000,000 "," $20,465,206 "
" $90,000,000 "," $20,466,016 "
" $14,000,000 "," $20,537,741 "
" $60,000,000 "," $20,541,668 "
" $14,000,000 "," $20,597,806 "
" $15,000,000 "," $20,601,987 "
" $3,250,000 "," $20,605,209 "
" $35,000,000 "," $20,606,053 "
" $15,000,000 "," $20,609,977 "
" $250,000 "," $20,628 "
" $2,000,000 "," $20,649,774 "
" $5,000,000 "," $20,659,423 "
" $6,000,000 "," $20,695,413 "
" $25,000,000 "," $20,718,223 "
" $40,000,000 "," $20,722,450 "
" $2,000,000 "," $20,741,000 "
" $5,000,000 "," $20,765,353 "
" $10,000,000 "," $20,766,000 "
" $16,000,000 "," $20,769,209 "
" $40,000,000 "," $20,790,486 "
" $20,000,000 "," $20,819,601 "
" $60,000,000 "," $20,830,546 "
" $80,000,000 "," $20,841,123 "
" $42,000,000 "," $20,844,907 "
" $2,000,000 "," $20,883,834 "
" $15,000,000 "," $20,898,221 "
" $9,100,000 "," $20,927,794 "
" $7,000,000 "," $20,940,428 "
" $12,500,000 "," $20,959,585 "
" $3,000,000 "," $20,966,644 "
" $800,000 "," $200,433 "
" $30,000,000 "," $200,500,000 "
" $60,000,000 "," $200,700,000 "
" $90,000,000 "," $200,859,554 "
" $26,000,000 "," $201,324,422 "
" $7,000,000 "," $201,463,574 "
" $26,000,000 "," $202,000,000 "
" $13,500,000 "," $202,000,000 "
" $28,000,000 "," $202,043,881 "
" $5,000,000 "," $202,053,386 "
" $50,000,000 "," $202,173,000 "
" $70,000,000 "," $202,726,605 "
" $42,000,000 "," $202,812,429 "
" $90,000,000 "," $202,910,991 "
" $140,000,000 "," $203,018,919 "
" $75,000,000 "," $203,035,572 "
" $250,000 "," $203,134 "
" $47,000,000 "," $203,178,872 "
" $50,000,000 "," $203,502,372 "
" $35,000,000 "," $203,555,567 "
" $9,000,000 "," $203,630,630 "
" $90,000,000 "," $203,877,963 "
" $90,000,000 "," $203,902,107 "
" $80,000,000 "," $204,774,690 "
" $85,000,000 "," $205,190,324 "
" $38,000,000 "," $205,298,907 "
" $34,000,000 "," $205,312,666 "
" $40,000,000 "," $205,400,000 "
" $150,000,000 "," $205,440,387 "
" $20,000,000 "," $205,445,075 "
" $52,000,000 "," $205,727,307 "
" $7,500,000 "," $206,400 "
" $78,000,000 "," $206,455,420 "
" $38,000,000 "," $206,512,310 "
" $60,000,000 "," $206,598,789 "
" $70,000,000 "," $207,068,340 "
" $70,000,000 "," $207,154,748 "
" $170,000,000 "," $207,283,457 "
" $62,000,000 "," $207,500,000 "
" $17,000,000 "," $207,765,056 "
" $50,000,000 "," $208,094,550 "
" $9,000,000 "," $208,163 "
" $48,000,000 "," $208,300,000 "
" $110,000,000 "," $208,370,892 "
" $85,000,000 "," $208,542,162 "
" $20,000,000 "," $208,900,376 "
" $72,000,000 "," $209,045,522 "
" $100,000,000 "," $209,461,378 "
" $2,000,000 "," $21,000 "
" $12,500,000 "," $21,000,000 "
" $12,000,000 "," $21,089,146 "
" $10,000,000 "," $21,094,974 "
" $12,000,000 "," $21,133,087 "
" $3,000,000 "," $21,163,999 "
" $17,000,000 "," $21,170,563 "
" $11,000,000 "," $21,171,695 "
" $6,000,000 "," $21,197,454 "
" $4,000,000 "," $21,206,861 "
" $1,000,000 "," $21,210 "
" $40,000,000 "," $21,215,882 "
" $1,987,650 "," $21,270,290 "
" $5,000,000 "," $21,277,770 "
" $27,000,000 "," $21,300,000 "
" $18,000,000 "," $21,361,109 "
" $1,000,000 "," $21,378,361 "
" $16,500,000 "," $21,404,122 "
" $14,000,000 "," $21,410,546 "
" $20,000,000 "," $21,413,105 "
" $27,000,000 "," $21,500,000 "
" $11,000,000 "," $21,502,976 "
" $45,000,000 "," $21,544,732 "
" $9,000,000 "," $21,571,189 "
" $30,000,000 "," $21,577,076 "
" $10,000,000 "," $21,596,074 "
" $33,000,000 "," $21,621,188 "
" $16,000,000 "," $21,657,770 "
" $1,250,000 "," $21,722,776 "
" $4,000,000 "," $21,750,000 "
" $30,000,000 "," $21,758,371 "
" $65,000,000 "," $21,778,555 "
" $6,000,000 "," $21,787,233 "
" $16,000,000 "," $21,799,652 "
" $9,400,000 "," $21,817,298 "
" $30,000,000 "," $21,827,296 "
" $10,000,000 "," $21,851,362 "
" $12,000,000 "," $21,867,665 "
" $15,000,000 "," $21,896,367 "
" $2,200,000 "," $21,930,418 "
" $8,000,000 "," $21,970,000 "
" $25,000,000 "," $21,970,831 "
" $23,000,000 "," $21,973,182 "
" $80,000,000 "," $210,253,368 "
" $31,000,000 "," $210,300,000 "
" $1,300,000 "," $210,904 "
" $75,000,000 "," $211,562,435 "
" $66,000,000 "," $211,700,000 "
" $65,000,000 "," $211,739,043 "
" $125,000,000 "," $211,856,088 "
" $100,000,000 "," $212,026,975 "
" $55,000,000 "," $212,200,000 "
" $102,500,000 "," $212,282,709 "
" $30,000,000 "," $212,400,000 "
" $35,000,000 "," $212,417,601 "
" $30,000,000 "," $212,453,431 "
" $135,000,000 "," $212,912,137 "
" $8,000,000 "," $212,928,762 "
" $100,000,000 "," $212,956,024 "
" $200,000 "," $212,989 "
" $25,000,000 "," $213,120,004 "
" $1,000,000 "," $213,137 "
" $45,000,000 "," $213,420,951 "
" $70,000,000 "," $213,463,976 "
" $75,000,000 "," $213,500,000 "
" $15,000,000 "," $213,514,672 "
" $60,000,000 "," $214,357,371 "
" $55,000,000 "," $214,392,904 "
" $50,000,000 "," $214,949,716 "
" $80,000,000 "," $214,974,953 "
" $130,000,000 "," $215,080,810 "
" $110,000,000 "," $215,300,000 "
" $19,000,000 "," $215,448,997 "
" $1,000,000 "," $215,559 "
" $40,000,000 "," $215,862,692 "
" $15,000,000 "," $216,600,000 "
" $68,000,000 "," $217,022,588 "
" $50,000,000 "," $217,196,811 "
" $60,000,000 "," $217,370,736 "
" $52,000,000 "," $217,569,328 "
" $60,000,000 "," $217,670,152 "
" $160,000,000 "," $217,986,320 "
" $35,000,000 "," $218,535,708 "
" $60,000,000 "," $218,613,188 "
" $75,000,000 "," $218,673,959 "
" $110,000,000 "," $218,853,353 "
" $27,500,000 "," $219,265,952 "
" $200,000,000 "," $219,535,492 "
" $75,000,000 "," $219,572,877 "
" $245,000 "," $22,000,000 "
" $15,000,000 "," $22,018,988 "
" $25,000,000 "," $22,032,635 "
" $50,000,000 "," $22,099,706 "
" $41,000,000 "," $22,108,977 "
" $20,000,000 "," $22,119,269 "
" $20,000,000 "," $22,139,590 "
" $15,000,000 "," $22,165,608 "
" $6,000,000 "," $22,168,359 "
" $5,000,000 "," $22,178,125 "
" $10,000,000 "," $22,198,996 "
" $1,500,000 "," $22,217,183 "
" $65,000 "," $22,233,808 "
" $6,840,000 "," $22,273 "
" $21,500,000 "," $22,331,846 "
" $40,000,000 "," $22,365,133 "
" $13,000,000 "," $22,391,450 "
" $25,000,000 "," $22,411,948 "
" $40,000,000 "," $22,433,915 "
" $1,000,000 "," $22,434 "
" $15,000,000 "," $22,441 "
" $60,000,000 "," $22,468,620 "
" $8,000,000 "," $22,549,338 "
" $8,000,000 "," $22,591,451 "
" $16,000,000 "," $22,594,052 "
" $55,000,000 "," $22,597,969 "
" $450,000 "," $22,623 "
" $12,000,000 "," $22,673,340 "
" $15,000,000 "," $22,723 "
" $44,000,000 "," $22,730,924 "
" $8,900,000 "," $22,744,132 "
" $12,000,000 "," $22,750,356 "
" $14,000,000 "," $22,754,472 "
" $14,000,000 "," $22,815,460 "
" $53,000,000 "," $22,852,487 "
" $28,000,000 "," $22,860,477 "
" $22,000,000 "," $22,861,785 "
" $1,750,000 "," $22,879,194 "
" $8,500,000 "," $22,885,836 "
" $25,000,000 "," $22,910,563 "
" $35,000,000 "," $22,913,677 "
" $12,000,000 "," $22,921,898 "
" $5,250,000 "," $22,937,201 "
" $50,000,000 "," $22,969,202 "
" $12,000,000 "," $22,978,953 "
" $12,000,000 "," $220,175 "
" $32,000,000 "," $220,236,410 "
" $70,000,000 "," $220,241,723 "
" $55,000,000 "," $220,648,184 "
" $15,000,000 "," $220,944 "
" $3,500,000 "," $221,096 "
" $6,000,000 "," $221,148,959 "
" $175,000,000 "," $221,229,335 "
" $80,000,000 "," $221,468,935 "
" $75,000,000 "," $221,594,911 "
" $65,000,000 "," $221,662,676 "
" $50,000,000 "," $222,383,055 "
" $95,000,000 "," $223,050,874 "
" $50,000,000 "," $223,564,608 "
" $82,500,000 "," $223,636,949 "
" $3,000,000 "," $223,652 "
" $6,700,000 "," $223,878 "
" $80,000,000 "," $224,117,573 "
" $85,000,000 "," $224,614,744 "
" $40,000,000 "," $224,922,135 "
" $1,000,000 "," $225,000,000 "
" $10,000,000 "," $225,933,435 "
" $152,000,000 "," $225,986,078 "
" $50,000,000 "," $225,990,976 "
" $80,000,000 "," $226,739,416 "
" $10,000,000 "," $226,792 "
" $25,000,000 "," $226,941,585 "
" $44,500,000 "," $227,140,757 "
" $120,000,000 "," $227,200,000 "
" $1,000,000 "," $227,241 "
" $15,000,000 "," $227,773,686 "
" $42,000,000 "," $227,793,915 "
" $30,000,000 "," $228,641,283 "
" $144,000,000 "," $229,034,050 "
" $110,000,000 "," $229,155,503 "
" $750,000 "," $229,250 "
" $18,000,000 "," $229,311 "
" $25,000,000 "," $229,518,131 "
" $120,000,000 "," $229,545,589 "
" $11,000,000 "," $229,653 "
" $43,000,000 "," $229,727,774 "
" $52,000,000 "," $23,010,607 "
" $2,500,000 "," $23,014,021 "
" $13,000,000 "," $23,014,027 "
" $1,200,000 "," $23,046,142 "
" $5,000,000 "," $23,047,939 "
" $30,000,000 "," $23,095,325 "
" $22,000,000 "," $23,134,075 "
" $50,000,000 "," $23,152,062 "
" $20,000,000 "," $23,187,506 "
" $25,000,000 "," $23,190,697 "
" $1,800,000 "," $23,265,132 "
" $2,100,000 "," $23,266,821 "
" $1,700,000 "," $23,271,741 "
" $3,000,000 "," $23,283,672 "
" $8,500,000 "," $23,311,425 "
" $150,000 "," $23,344,056 "
" $4,900,000 "," $23,347,469 "
" $30,000,000 "," $23,353,111 "
" $36,000,000 "," $23,360,779 "
" $12,500,000 "," $23,367,586 "
" $18,000,000 "," $23,380,203 "
" $7,000,000 "," $23,393,939 "
" $4,500,000 "," $23,471,871 "
" $25,000,000 "," $23,506,237 "
" $5,000,000 "," $23,565,072 "
" $10,000,000 "," $23,591,043 "
" $2,800,000 "," $23,591,783 "
" $2,100,000 "," $23,600,000 "
" $600,000 "," $23,616 "
" $20,000,000 "," $23,661,038 "
" $30,000,000 "," $23,676,771 "
" $3,800,000 "," $23,689,877 "
" $12,000,000 "," $23,693,646 "
" $17,000,000 "," $23,734,486 "
" $658,000 "," $23,800,000 "
" $18,000,000 "," $23,889,158 "
" $250,000 "," $23,894,000 "
" $18,000,000 "," $23,910,210 "
" $92,000,000 "," $23,911,362 "
" $30,000,000 "," $23,998,226 "
" $7,000,000 "," $231,450,102 "
" $35,000,000 "," $231,711,151 "
" $30,000,000 "," $231,928,227 "
" $112,000,000 "," $232,017,848 "
" $103,300,000 "," $232,643,008 "
" $80,000,000 "," $233,066,978 "
" $65,000,000 "," $233,125,712 "
" $65,000,000 "," $233,700,000 "
" $100,000,000 "," $234,400,000 "
" $12,000,000 "," $234,723,148 "
" $25,000,000 "," $234,981,342 "
" $90,000,000 "," $235,900,000 "
" $150,000,000 "," $235,907,054 "
" $76,000,000 "," $236,410,607 "
" $21,000,000 "," $236,412,453 "
" $33,000,000 "," $236,500,000 "
" $50,000,000 "," $236,799,211 "
" $200,000 "," $236,806 "
" $100,000,000 "," $236,827,677 "
" $1,500,000 "," $236,863 "
" $82,500,000 "," $237,685,089 "
" $24,000,000 "," $237,814,327 "
" $250,000 "," $237,816 "
" $50,000,000 "," $238,059,569 "
" $150,000,000 "," $238,202,668 "
" $125,000,000 "," $238,317,814 "
" $60,000,000 "," $238,552,082 "
" $50,000,000 "," $238,757,137 "
" $65,000,000 "," $238,940,997 "
" $90,000,000 "," $239,373,970 "
" $16,400,000 "," $239,500,000 "
" $14,000,000 "," $239,606,210 "
" $70,000,000 "," $239,814,025 "
" $4,700,000 "," $239,962 "
" $7,800,000 "," $24,021,282 "
" $11,900,000 "," $24,041,617 "
" $6,500,000 "," $24,103,594 "
" $11,000,000 "," $24,150,550 "
" $32,500,000 "," $24,159,934 "
" $40,000,000 "," $24,172,899 "
" $25,000,000 "," $24,215,385 "
" $25,000,000 "," $24,355,762 "
" $2,000,000 "," $24,391,108 "
" $35,000,000 "," $24,405,825 "
" $21,500,000 "," $24,419,219 "
" $800,000 "," $24,426,169 "
" $2,000,000 "," $24,464,742 "
" $8,000,000 "," $24,474,312 "
" $24,000,000 "," $24,474,463 "
" $23,000,000 "," $24,489,150 "
" $38,000,000 "," $24,515,990 "
" $25,000,000 "," $24,591,031 "
" $3,000,000 "," $24,600,000 "
" $2,000,000 "," $24,600,832 "
" $10,000,000 "," $24,660,323 "
" $35,000,000 "," $24,687,524 "
" $29,000,000 "," $24,716,190 "
" $17,000,000 "," $24,719,879 "
" $12,000,000 "," $24,761,360 "
" $8,300,000 "," $24,906,717 "
" $18,000,000 "," $24,911,670 "
" $35,000,000 "," $24,915,969 "
" $37,000,000 "," $24,935,799 "
" $5,500,000 "," $24,956 "
" $1,500,000 "," $240,396 "
" $6,000 "," $240,495 "
" $125,000,000 "," $240,497,948 "
" $80,000,000 "," $241,200,000 "
" $10,000,000 "," $241,719 "
" $1,600,000 "," $242,443 "
" $3,000,000 "," $242,623 "
" $4,500,000 "," $242,895,809 "
" $120,000,000 "," $242,981,799 "
" $45,000,000 "," $243,180,937 "
" $100,000,000 "," $243,388,614 "
" $30,000 "," $243,768 "
" $40,000,000 "," $244,088,654 "
" $90,000,000 "," $244,126,300 "
" $10,000,000 "," $244,465 "
" $137,000,000 "," $245,229,234 "
" $35,000,000 "," $245,300,000 "
" $135,000,000 "," $245,504,574 "
" $135,000,000 "," $245,623,848 "
" $41,000,000 "," $245,768,384 "
" $80,000,000 "," $245,800,000 "
" $30,000,000 "," $246,100,000 "
" $16,000,000 "," $246,400,000 "
" $80,000,000 "," $247,023,808 "
" $16,000,000 "," $247,474,497 "
" $1,100,000 "," $247,740 "
" $60,000,000 "," $247,812,011 "
" $45,000,000 "," $247,950,247 "
" $73,243,106 "," $248,099,143 "
" $48,000,000 "," $248,218,486 "
" $600,000 "," $248,300,000 "
" $100,000,000 "," $249,488,115 "
" $90,000,000 "," $249,520,430 "
" $7,000,000 "," $25,000,000 "
" $200,000 "," $25,000,000 "
" $2,883,848 "," $25,000,000 "
" $14,000,000 "," $25,011,000 "
" $5,000,000 "," $25,032,000 "
" $22,000,000 "," $25,044,057 "
" $63,000,000 "," $25,052,000 "
" $6,000,000 "," $25,059,640 "
" $9,000,000 "," $25,077,411 "
" $35,000,000 "," $25,078,937 "
" $35,000,000 "," $25,114,901 "
" $11,000,000 "," $25,116,103 "
" $14,000,000 "," $25,187,026 "
" $30,000,000 "," $25,199,891 "
" $6,000,000 "," $25,244,700 "
" $40,000,000 "," $25,268,680 "
" $7,000,000 "," $25,269,040 "
" $11,000,000 "," $25,307,405 "
" $4,500,000 "," $25,344,490 "
" $67,000,000 "," $25,357,771 "
" $10,000,000 "," $25,358,996 "
" $20,000,000 "," $25,361,206 "
" $7,300,000 "," $25,397,460 "
" $50,000,000 "," $25,426,861 "
" $4,000,000 "," $25,448,707 "
" $14,500,000 "," $25,480,031 "
" $1,800,000 "," $25,504,513 "
" $12,000,000 "," $25,514,848 "
" $7,000,000 "," $25,532,388 "
" $2,500,000 "," $25,533,818 "
" $40,000 "," $25,572 "
" $14,000,000 "," $25,608,779 "
" $8,000,000 "," $25,621,449 "
" $8,300,000 "," $25,670,174 "
" $10,000,000 "," $25,697,647 "
" $18,000,000 "," $25,727,044 "
" $25,000,000 "," $25,732,334 "
" $20,000,000 "," $25,732,986 "
" $22,000,000 "," $25,842,377 "
" $70,000,000 "," $25,852,508 "
" $5,000,000 "," $25,861,249 "
" $7,400,000 "," $25,863,405 "
" $40,000,000 "," $25,863,458 "
" $22,000,000 "," $25,873,142 "
" $14,000,000 "," $25,873,145 "
" $1,800,000 "," $25,878,153 "
" $29,000,000 "," $25,899,797 "
" $5,000,000 "," $25,913,869 "
" $48,000,000 "," $25,928,721 "
" $2,900,000 "," $25,935 "
" $18,000,000 "," $25,941,437 "
" $20,000,000 "," $25,943,792 "
" $80,000,000 "," $250,200,000 "
" $99,000,000 "," $250,474,038 "
" $85,000,000 "," $250,649,836 "
" $70,000,000 "," $250,700,000 "
" $65,000,000 "," $250,800,000 "
" $5,000,000 "," $251,359,904 "
" $130,000,000 "," $251,499,665 "
" $60,000,000 "," $252,091,016 "
" $35,000,000 "," $252,276,928 "
" $3,000,000 "," $252,726 "
" $60,000,000 "," $253,555,383 "
" $500,000 "," $254,293 "
" $1,200,000 "," $255,000 "
" $65,000,000 "," $255,000,000 "
" $180,000,000 "," $256,585,882 "
" $6,500,000 "," $256,873,813 "
" $71,682,975 "," $257,641,634 "
" $50,000,000 "," $257,805,243 "
" $40,000,000 "," $257,878,294 "
" $3,500,000 "," $257,938,649 "
" $50,000,000 "," $257,972,745 "
" $31,000,000 "," $258,210,860 "
" $117,000,000 "," $258,751,370 "
" $55,000,000 "," $259,541,430 "
" $90,000,000 "," $259,736,090 "
" $1,000,000 ", $26 
" $6,000,000 "," $26,004,026 "
" $6,000,000 "," $26,007 "
" $5,000,000 "," $26,010,864 "
" $18,900,000 "," $26,063,572 "
" $50,000,000 "," $26,097,497 "
" $50,000,000 "," $26,121,638 "
" $20,000,000 "," $26,146,072 "
" $15,000,000 "," $26,170,402 "
" $30,000,000 "," $26,184,400 "
" $8,000,000 "," $26,199,377 "
" $50,000,000 "," $26,199,517 "
" $30,000,000 "," $26,214,846 "
" $30,000,000 "," $26,323,969 "
" $25,000,000 "," $26,341,896 "
" $20,000,000 "," $26,348,203 "
" $50,000,000 "," $26,387,039 "
" $18,000,000 "," $26,400,000 "
" $5,000,000 "," $26,517,819 "
" $7,000,000 "," $26,533,200 "
" $13,000,000 "," $26,570,048 "
" $140,000 "," $26,572,439 "
" $18,000,000 "," $26,593,580 "
" $1,200,000 "," $26,608 "
" $35,000,000 "," $26,613,620 "
" $65,000,000 "," $26,670,920 "
" $60,000,000 "," $26,673,242 "
" $80,000,000 "," $26,703,184 "
" $30,000,000 "," $26,708,196 "
" $10,000,000 "," $26,716,191 "
" $12,500,000 "," $26,735,797 "
" $40,000,000 "," $26,736,665 "
" $20,000,000 "," $26,792,700 "
" $1,000,000 "," $26,822 "
" $5,000,000 "," $26,853,810 "
" $30,000,000 "," $26,857,459 "
" $17,000,000 "," $26,918,576 "
" $18,000,000 "," $26,936,265 "
" $27,500,000 "," $26,939,925 "
" $275,000,000 "," $260,002,115 "
" $80,000,000 "," $260,700,012 "
" $10,600,000 "," $261,364 "
" $65,000,000 "," $261,400,000 "
" $18,000,000 "," $261,443,242 "
" $65,000,000 "," $262,758,310 "
" $100,000,000 "," $262,794,441 "
" $137,500,000 "," $263,417,913 "
" $2,900,000 "," $263,591,415 "
" $110,000,000 "," $263,880,341 "
" $50,000,000 "," $263,894,551 "
" $95,000,000 "," $263,900,000 "
" $60,000,000 "," $264,118,201 "
" $175,000,000 "," $264,246,220 "
" $80,000,000 "," $266,685,242 "
" $80,000,000 "," $266,824,291 "
" $14,000,000 "," $266,967 "
" $6,000,000 "," $267,194 "
" $70,000,000 "," $267,200,000 "
" $37,000,000 "," $267,816,276 "
" $4,000,000 "," $267,972 "
" $100,000,000 "," $267,985,456 "
" $858,000 "," $268,000,000 "
" $82,000,000 "," $268,268,174 "
" $140,000,000 "," $268,314,513 "
" $7,000,000 "," $268,500,000 "
" $105,000,000 "," $269,065,678 "
" $145,000,000 "," $269,806,430 "
" $40,000,000 "," $27,000,381 "
" $1,200,000 "," $27,025,600 "
" $40,000,000 "," $27,053,815 "
" $13,000,000 "," $27,066,941 "
" $4,500,000 "," $27,092,880 "
" $50,000,000 "," $27,100,030 "
" $35,000,000 "," $27,107,960 "
" $18,000,000 "," $27,147,349 "
" $30,000,000 "," $27,147,991 "
" $18,000,000 "," $27,148,898 "
" $13,000,000 "," $27,151,490 "
" $27,500,000 "," $27,187,653 "
" $22,000,000 "," $27,238,354 "
" $27,000,000 "," $27,257,061 "
" $12,000,000 "," $27,281,507 "
" $10,000,000 "," $27,317,872 "
" $5,000,000 "," $27,342,246 "
" $50,000,000 "," $27,366,288 "
" $18,000,000 "," $27,392,196 "
" $32,000,000 "," $27,392,609 "
" $45,000,000 "," $27,447,471 "
" $14,000,000 "," $27,450,453 "
" $15,000,000 "," $27,469,621 "
" $18,000,000 "," $27,491,653 "
" $38,000,000 "," $27,501,814 "
" $1,100,000 "," $27,561 "
" $25,000,000 "," $27,572,844 "
" $33,000,000 "," $27,610,873 "
" $40,000,000 "," $27,682,712 "
" $20,000,000 "," $27,688,744 "
" $3,500,000 "," $27,704,111 "
" $15,000,000 "," $27,709,625 "
" $3,500,000 "," $27,731,527 "
" $24,000,000 "," $27,732,366 "
" $4,000,000 "," $27,786,849 "
" $3,000,000 "," $27,788,649 "
" $18,000,000 "," $27,794,339 "
" $20,000,000 "," $27,836,366 "
" $22,000,000 "," $27,882,226 "
" $20,000,000 "," $27,911,453 "
" $3,500,000 "," $27,936,778 "
" $6,000,000 "," $27,958,191 "
" $13,000,000 "," $27,979,399 "
" $42,000,000 "," $270,340,892 "
" $18,000,000 "," $270,944,428 "
" $105,000,000 "," $270,997,378 "
" $500,000 "," $271,736 "
" $75,000,000 "," $272,223,430 "
" $130,000,000 "," $273,271,982 "
" $94,000,000 "," $273,330,185 "
" $65,000,000 "," $273,346,281 "
" $55,000,000 "," $273,814,019 "
" $50,000,000 "," $274,000,000 "
" $14,000,000 "," $274,299 "
" $78,000,000 "," $274,392,649 "
" $11,000,000 "," $274,392,880 "
" $25,000,000 "," $274,543,085 "
" $19,000,000 "," $274,949,886 "
" $20,000,000 "," $275,726,716 "
" $85,000,000 "," $276,014,965 "
" $84,000,000 "," $276,294,164 "
" $20,000,000 "," $276,665,036 "
" $5,000,000 "," $276,841,585 "
" $19,000,000 "," $277,200,000 "
" $40,000 "," $277,233 "
" $170,000,000 "," $277,442,381 "
" $20,000,000 "," $277,943 "
" $100,000,000 "," $278,731,369 "
" $26,000,000 "," $279,500,000 "
" $25,000,000 "," $28,012,862 "
" $20,000,000 "," $28,058,652 "
" $7,000,000 "," $28,142,379 "
" $5,000,000 "," $28,200,000 "
" $28,000,000 "," $28,208,085 "
" $55,000,000 "," $28,231,444 "
" $20,000,000 "," $28,270,399 "
" $25,000,000 "," $28,307,092 "
" $8,000,000 "," $28,315,272 "
" $1,000,000 "," $28,316,211 "
" $3,900,000 "," $28,350,000 "
" $1,350,000 "," $28,356,188 "
" $6,500,000 "," $28,383,441 "
" $35,000,000 "," $28,391,473 "
" $25,000,000 "," $28,400,715 "
" $29,000,000 "," $28,452,945 "
" $5,500,000 "," $28,468 "
" $40,000,000 "," $28,544,120 "
" $25,100,000 "," $28,575,778 "
" $10,000,000 "," $28,649,556 "
" $8,000,000 "," $28,674,417 "
" $26,000,000 "," $28,703,083 "
" $35,000,000 "," $28,721,408 "
" $16,000,000 "," $28,734,552 "
" $20,000,000 "," $28,762,690 "
" $9,000,000 "," $28,773,637 "
" $27,000,000 "," $28,773,827 "
" $2,000,000 "," $28,864 "
" $24,000,000 "," $28,871,190 "
" $8,000,000 "," $28,876,702 "
" $35,000,000 "," $28,906,817 "
" $12,000,000 "," $28,915,761 "
" $50,000,000 "," $28,920,188 "
" $13,000,000 "," $28,972,187 "
" $125,000,000 "," $280,355,920 "
" $4,500,000 "," $281,447 "
" $25,000,000 "," $281,527,158 "
" $55,000,000 "," $282,300,000 "
" $5,000,000 "," $282,687 "
" $275,000,000 "," $282,778,100 "
" $30,000,000 "," $283,200,000 "
" $40,000,000 "," $283,218,368 "
" $250,000 "," $284,174 "
" $140,000,000 "," $285,400,000 "
" $1,900,000 "," $285,593 "
" $120,000,000 "," $286,192,091 "
" $8,200,000 "," $286,214,286 "
" $30,000,000 "," $286,500,000 "
" $135,000,000 "," $286,896,578 "
" $100,000 "," $287,000 "
" $29,000,000 "," $287,130,801 "
" $150,000,000 "," $287,594,577 "
" $120,000,000 "," $287,916,633 "
" $120,000,000 "," $288,215,319 "
" $85,000,000 "," $288,587,450 "
" $90,000,000 "," $288,693,989 "
" $1,300,000 "," $288,751 "
" $1,000,000 "," $288,757 "
" $32,500,000 "," $289,527,030 "
" $90,000,000 "," $289,660,619 "
" $1,100,000 "," $29,005,064 "
" $13,500,000 "," $29,027,914 "
" $15,000,000 "," $29,050 "
" $16,000,000 "," $29,090,445 "
" $15,000,000 "," $29,145,924 "
" $5,300,000 "," $29,197,694 "
" $8,500,000 "," $29,200,000 "
" $30,000,000 "," $29,203,383 "
" $25,000,000 "," $29,206,732 "
" $20,000,000 "," $29,227,561 "
" $3,500,000 "," $29,233 "
" $25,000,000 "," $29,276,904 "
" $10,000,000 "," $29,317,886 "
" $30,000,000 "," $29,356,757 "
" $45,000,000 "," $29,367,143 "
" $2,300,000 "," $29,384 "
" $19,500,000 "," $29,393,634 "
" $375,000 "," $29,400,000 "
" $45,000,000 "," $29,406,132 "
" $10,000,000 "," $29,500,000 "
" $38,000,000 "," $29,544,532 "
" $25,000,000 "," $29,548,291 "
" $12,000,000 "," $29,549,145 "
" $7,500,000 "," $29,652,736 "
" $80,000,000 "," $29,725,663 "
" $47,000,000 "," $29,781,453 "
" $24,000,000 "," $29,823,162 "
" $168,000 "," $29,827 "
" $11,400,000 "," $29,830,239 "
" $20,000,000 "," $29,843,245 "
" $25,000,000 "," $29,863,840 "
" $20,000,000 "," $29,870,801 "
" $35,000,000 "," $29,882,645 "
" $35,000,000 "," $29,890,402 "
" $18,000,000 "," $29,934,477 "
" $8,000,000 "," $29,937,909 "
" $32,000,000 "," $29,948,322 "
" $130,000,000 "," $290,650,494 "
" $60,000,000 "," $290,701,374 "
" $10,000,000 "," $290,875 "
" $63,000,000 "," $292,738,626 "
" $150,000,000 "," $292,817,841 "
" $71,500,000 "," $294,156,605 "
" $95,000,000 "," $294,680,778 "
" $30,000,000 "," $295,212,467 "
" $110,000,000 "," $295,279,072 "
" $7,200,000 "," $295,492 "
" $3,000,000 "," $295,493 "
" $10,000,000 "," $295,750 "
" $57,500,000 "," $295,874,190 "
" $75,000,000 "," $296,339,717 "
" $110,000,000 "," $296,642,834 "
" $105,000,000 "," $298,815,224 "
" $46,000,000 "," $298,923,419 "
" $80,000,000 "," $299,461,782 "
" $85,000,000 "," $299,477,886 "
" $500,000 "," $3,000,000 "
" $100,000 "," $3,000,000 "
" $10,000,000 "," $3,000,000 "
" $6,500,000 "," $3,027,956 "
" $1,200,000 "," $3,048,209 "
" $1,800,000 "," $3,050,934 "
" $13,000,000 "," $3,058,380 "
" $4,750,000 "," $3,061,763 "
" $3,000,000 "," $3,076,820 "
" $120,000 "," $3,090,593 "
" $4,600,000 "," $3,099,369 "
" $87,000 "," $3,100,000 "
" $2,900,000 "," $3,127,472 "
" $7,900,000 "," $3,129,471 "
" $9,000,000 "," $3,134,509 "
" $2,600,000 "," $3,147,950 "
" $6,500,000 "," $3,149 "
" $10,000,000 "," $3,168,858 "
" $500,000 "," $3,177,636 "
" $8,500,000 "," $3,180,252 "
" $609,000 "," $3,202,000 "
" $3,380,000 "," $3,220 "
" $11,000,000 "," $3,231,251 "
" $250,000 "," $3,234 "
" $3,000,000 "," $3,237,452 "
" $30,000,000 "," $3,252,550 "
" $850,000 "," $3,256 "
" $10,000,000 "," $3,260,179 "
" $13,000,000 "," $3,260,555 "
" $1,600,000 "," $3,264 "
" $150,000 "," $3,270,128 "
" $8,000,000 "," $3,270,974 "
" $6,000,000 "," $3,273,588 "
" $10,000,000 "," $3,275,585 "
" $5,600,000 "," $3,281,898 "
" $2,600,000 "," $3,292,333 "
" $3,500,000 "," $3,293,258 "
" $600,000 "," $3,301 "
" $1,000,000 "," $3,324,070 "
" $8,900,000 "," $3,324,184 "
" $2,100,000 "," $3,330 "
" $6,000,000 "," $3,330,012 "
" $10,000,000 "," $3,336,053 "
" $7,500,000 "," $3,347,647 "
" $3,700,000 "," $3,355,048 "
" $10,000,000 "," $3,357,324 "
" $15,000,000 "," $3,396,508 "
" $50,000,000 "," $3,434,330 "
" $15,000,000 "," $3,436,763 "
" $9,000,000 "," $3,438,735 "
" $2,000,000 "," $3,438,804 "
" $9,000,000 "," $3,440,939 "
" $16,000,000 "," $3,442,853 "
" $15,000,000 "," $3,454,036 "
" $6,000,000 "," $3,456,602 "
" $1,000,000 "," $3,465,703 "
" $4,000,000 "," $3,468,572 "
" $15,000,000 "," $3,471 "
" $4,600,000 "," $3,479,302 "
" $44,000,000 "," $3,484,523 "
" $6,000,000 "," $3,485,383 "
" $300,000 "," $3,496 "
" $4,500,000 "," $3,500,000 "
" $200,000 "," $3,500,000 "
" $2,361,000 "," $3,500,000 "
" $8,000,000 "," $3,505,823 "
" $12,500,000 "," $3,522,153 "
" $10,000,000 "," $3,541,565 "
" $27,000 "," $3,547 "
" $1,000,000 "," $3,553,253 "
" $7,500,000 "," $3,559,803 "
" $10,000,000 "," $3,565,109 "
" $300,000 "," $3,571,253 "
" $1,000,000 "," $3,575,308 "
" $8,000,000 "," $3,582,797 "
" $32,000,000 "," $3,588,602 "
" $25,000,000 "," $3,605,420 "
" $13,000,000 "," $3,617,277 "
" $2,000,000 "," $3,620,902 "
" $10,000,000 "," $3,623,609 "
" $40,000 "," $3,632 "
" $200,000 "," $3,648 "
" $3,000,000 "," $3,660,880 "
" $1,000,000 "," $3,700 "
" $1,200,000 "," $3,700,000 "
" $3,000,000 "," $3,705,923 "
" $5,000,000 "," $3,707,583 "
" $560,000 "," $3,709 "
" $30,000,000 "," $3,721,988 "
" $20,000,000 "," $3,727,746 "
" $250,000 "," $3,731,489 "
" $6,000,000 "," $3,747,270 "
" $840,000 "," $3,787,689 "
" $5,000,000 "," $3,807,503 "
" $250,000 "," $3,809,226 "
" $4,000,000 "," $3,816,594 "
" $500,000 "," $3,824,868 "
" $2,500,000 "," $3,838,486 "
" $4,000,000 "," $3,858,964 "
" $26,700,000 "," $3,871,448 "
" $27,000 "," $3,894,240 "
" $5,900,000 "," $3,895,664 "
" $3,000,000 "," $3,902,679 "
" $9,000,000 "," $3,922,043 "
" $12,500,000 "," $3,931,367 "
" $114,000 "," $30,000,000 "
" $8,250,000 "," $30,022,000 "
" $10,000,000 "," $30,050,028 "
" $22,000,000 "," $30,051,905 "
" $60,000,000 "," $30,063,805 "
" $58,000,000 "," $30,118,557 "
" $15,000,000 "," $30,138,912 "
" $10,000,000 "," $30,143,795 "
" $20,000,000 "," $30,163,785 "
" $40,000,000 "," $30,199,105 "
" $20,500,000 "," $30,241,435 "
" $15,000,000 "," $30,261,293 "
" $8,500,000 "," $30,298,347 "
" $35,000,000 "," $30,307,804 "
" $70,000 "," $30,312 "
" $17,000,000 "," $30,331,165 "
" $5,000,000 "," $30,332,385 "
" $1,500,000 "," $30,351,664 "
" $7,000,000 "," $30,360,570 "
" $60,000,000 "," $30,396,134 "
" $20,000,000 "," $30,399,714 "
" $3,000,000 "," $30,438,635 "
" $14,000,000 "," $30,443,277 "
" $20,000,000 "," $30,491,379 "
" $1,650,000 "," $30,500,000 "
" $40,000,000 "," $30,576,502 "
" $25,530,000 "," $30,593,313 "
" $26,000,000 "," $30,601,801 "
" $75,000,000 "," $30,626,690 "
" $14,000,000 "," $30,628,981 "
" $10,000,000 "," $30,629,507 "
" $20,000,000 "," $30,703,845 "
" $22,500,000 "," $30,719,170 "
" $20,000,000 "," $30,808,558 "
" $15,000,000 "," $30,857,000 "
" $22,500,000 "," $30,864,649 "
" $31,000,000 "," $30,885,781 "
" $20,000,000 "," $30,894,247 "
" $930,000 "," $30,905 "
" $2,000,000 "," $30,955 "
" $30,000,000 "," $30,962,112 "
" $16,000,000 "," $30,987,695 "
" $170,000,000 "," $300,150,546 "
" $55,000,000 "," $300,200,000 "
" $44,000,000 "," $300,400,000 "
" $70,000,000 "," $300,854,823 "
" $4,000,000 "," $302,204 "
" $110,000,000 "," $302,211,243 "
" $175,000,000 "," $302,469,017 "
" $45,000,000 "," $302,710,615 "
" $90,000,000 "," $303,500,000 "
" $92,000,000 "," $304,249,198 "
" $1,000,000 "," $304,472 "
" $55,000,000 "," $304,599,899 "
" $2,000,000 "," $304,602 "
" $20,000,000 "," $305,070 "
" $209,000,000 "," $305,218,228 "
" $150,000,000 "," $305,270,083 "
" $35,000,000 "," $305,705,794 "
" $7,000,000 "," $306,715 "
" $30,000,000 "," $306,771,047 "
" $145,000,000 "," $306,900,902 "
" $12,000,000 "," $307,166,834 "
" $55,000,000 "," $307,325,633 "
" $40,000,000 "," $307,353,906 "
" $70,000,000 "," $308,700,000 "
" $500,000 "," $308,793 "
" $22,000,000 "," $31,013,349 "
" $3,400,000 "," $31,063,038 "
" $15,000,000 "," $31,070,412 "
" $45,000,000 "," $31,077,418 "
" $5,000,000 "," $31,149,251 "
" $27,500,000 "," $31,157,914 "
" $10,000,000 "," $31,164,747 "
" $12,000,000 "," $31,222,395 "
" $12,000,000 "," $31,286,759 "
" $28,000,000 "," $31,320,293 "
" $50,000,000 "," $31,333,917 "
" $10,700,000 "," $31,341,183 "
" $28,000,000 "," $31,390,587 "
" $35,000,000 "," $31,393,201 "
" $400,000 "," $31,425 "
" $2,700,000 "," $31,517,561 "
" $10,000,000 "," $31,556,959 "
" $500,000 "," $31,559,560 "
" $16,000,000 "," $31,631 "
" $25,000,000 "," $31,635,150 "
" $40,000,000 "," $31,670,620 "
" $11,000,000 "," $31,672,000 "
" $20,000,000 "," $31,678,778 "
" $45,000,000 "," $31,681,811 "
" $6,000,000 "," $31,716,953 "
" $27,000,000 "," $31,770,413 "
" $40,000,000 "," $31,835,600 "
" $35,000,000 "," $31,878,891 "
" $6,500,000 "," $31,899,000 "
" $1,500,000 "," $31,916 "
" $16,000,000 "," $31,943,401 "
" $60,000,000 "," $310,043,823 "
" $70,000,000 "," $310,138,178 "
" $35,000,000 "," $310,332,636 "
" $100,000,000 "," $310,650,574 "
" $61,000,000 "," $310,697,192 "
" $350,000 "," $310,891 "
" $80,000,000 "," $310,940,997 "
" $12,000,000 "," $310,946 "
" $40,000,000 "," $311,270,008 "
" $74,000,000 "," $311,594,032 "
" $85,000,000 "," $311,744,465 "
" $100,000,000 "," $311,979,256 "
" $4,200,000 "," $313,230 "
" $2,100,000 "," $313,436 "
" $10,000,000 "," $314,073 "
" $50,000,000 "," $314,111,923 "
" $500,000 "," $314,444 "
" $200,000,000 "," $314,594,597 "
" $40,000,000 "," $314,709,717 "
" $18,000,000 "," $315,000 "
" $85,000,000 "," $315,268,353 "
" $190,000,000 "," $315,709,697 "
" $15,000,000 "," $316,300,000 "
" $70,000,000 "," $316,915,264 "
" $78,000,000 "," $317,668,058 "
" $20,000,000 "," $318,000,141 "
" $79,000,000 "," $318,146,162 "
" $15,500,000 "," $318,623 "
" $170,000,000 "," $319,090,241 "
" $35,000,000 "," $319,700,000 "
" $150,000,000 "," $319,713,881 "
" $34,000,000 "," $32,014,993 "
" $40,000,000 "," $32,030,610 "
" $500,000 "," $32,033 "
" $20,000,000 "," $32,051,917 "
" $3,300,000 "," $32,059,295 "
" $160,000 "," $32,092 "
" $25,000,000 "," $32,092,761 "
" $10,000,000 "," $32,100,816 "
" $25,000,000 "," $32,209,741 "
" $8,500,000 "," $32,222,567 "
" $25,000,000 "," $32,223,424 "
" $12,000,000 "," $32,248,241 "
" $2,500,000 "," $32,327,255 "
" $13,000,000 "," $32,382,381 "
" $10,000,000 "," $32,430,721 "
" $18,500,000 "," $32,531,759 "
" $6,000,000 "," $32,544 "
" $7,500,000 "," $32,572 "
" $10,750,000 "," $32,575,443 "
" $19,000,000 "," $32,618,920 "
" $20,000,000 "," $32,632,668 "
" $3,000,000 "," $32,653,000 "
" $24,000,000 "," $32,662,299 "
" $18,500,000 "," $32,679,264 "
" $12,000,000 "," $32,700,439 "
" $35,000,000 "," $32,738,814 "
" $20,000,000 "," $32,838,945 "
" $150,000 "," $32,927 "
" $11,000,000 "," $32,943,247 "
" $45,000,000 "," $32,952,995 "
" $30,000,000 "," $32,955,399 "
" $4,500,000 "," $32,961 "
" $8,600,000 "," $32,968,648 "
" $2,600,000 "," $32,980,880 "
" $60,000,000 "," $32,983,332 "
" $14,000,000 "," $320,100,000 "
" $25,000,000 "," $321,365,567 "
" $130,000,000 "," $321,887,208 "
" $35,000 "," $321,952 "
" $210,000,000 "," $322,241,588 "
" $4,000,000 "," $324,218 "
" $17,500,000 "," $325,491 "
" $100,000,000 "," $325,500,000 "
" $35,000,000 "," $326,073,155 "
" $48,000,000 "," $327,656,424 "
" $150,000,000 "," $328,015,209 "
" $30,000,000 "," $328,125,643 "
" $8,800,000 "," $328,203,506 "
" $90,000,000 "," $328,675,540 "
" $120,000,000 "," $328,711,434 "
" $1,300,000 "," $329,621 "
" $160,000,000 "," $329,809,326 "
" $10,000,000 "," $33,000,000 "
" $28,000,000 "," $33,000,377 "
" $29,000,000 "," $33,013,805 "
" $13,500,000 "," $33,035,736 "
" $13,000,000 "," $33,069,303 "
" $70,000,000 "," $33,076,815 "
" $15,000,000 "," $33,118,854 "
" $28,000,000 "," $33,139,618 "
" $40,000,000 "," $33,175,076 "
" $26,000,000 "," $33,200,000 "
" $24,000,000 "," $33,208,099 "
" $3,000,000 "," $33,300,000 "
" $300,000 "," $33,312 "
" $30,000,000 "," $33,339,868 "
" $2,500,000 "," $33,349,941 "
" $5,800,000 "," $33,395,426 "
" $3,200,000 "," $33,395,426 "
" $35,000,000 "," $33,422,485 "
" $35,000,000 "," $33,422,806 "
" $12,500,000 "," $33,436,931 "
" $65,000,000 "," $33,447,612 "
" $68,000,000 "," $33,462,011 "
" $80,000,000 "," $33,463,969 "
" $500,000 "," $33,473,297 "
" $3,300,000 "," $33,474,334 "
" $35,000,000 "," $33,500,620 "
" $15,000,000 "," $33,508,485 "
" $10,000,000 "," $33,512,260 "
" $10,000,000 "," $33,526,835 "
" $68,000 "," $33,598 "
" $7,500,000 "," $33,606,409 "
" $5,000,000 "," $33,649,881 "
" $26,000,000 "," $33,713,827 "
" $2,777,000 "," $33,754,967 "
" $22,000,000 "," $33,762,400 "
" $35,000,000 "," $33,771,965 "
" $10,000,000 "," $33,886,017 "
" $18,000,000 "," $33,907,844 "
" $4,200,000 "," $33,913,542 "
" $20,000,000 "," $33,943,049 "
" $18,500,000 "," $33,954,018 "
" $60,000,000 "," $33,956,608 "
" $87,500,000 "," $330,717,080 "
" $110,000,000 "," $330,780,051 "
" $3,000,000 "," $331,000 "
" $13,000,000 "," $331,266,710 "
" $100,000,000 "," $331,323,410 "
" $50,000,000 "," $331,333,876 "
" $150,000,000 "," $331,775,766 "
" $40,000,000 "," $332,000,000 "
" $5,000,000 "," $332,120 "
" $28,000,000 "," $333,080,271 "
" $65,000,000 "," $334,100,000 "
" $187,500,000 "," $334,342,692 "
" $75,000,000 "," $336,069,511 "
" $185,000,000 "," $336,398,312 "
" $100,000,000 "," $336,529,144 "
" $20,000,000 "," $337,700,000 "
" $110,000,000 "," $339,504,276 "
" $3,500,000 "," $34,004,262 "
" $75,000,000 "," $34,009,180 "
" $14,000,000 "," $34,044,909 "
" $55,000,000 "," $34,105,207 "
" $3,250,000 "," $34,114,067 "
" $4,000,000 "," $34,145 "
" $13,000,000 "," $34,166,572 "
" $4,833,610 "," $34,175,000 "
" $10,000,000 "," $34,240,572 "
" $26,000,000 "," $34,246,770 "
" $15,000,000 "," $34,247,816 "
" $50,000,000 "," $34,301,950 "
" $19,000,000 "," $34,352,162 "
" $10,000,000 "," $34,364,995 "
" $10,600,000 "," $34,409,206 "
" $40,000,000 "," $34,416,893 "
" $6,000,000 "," $34,449,356 "
" $20,000,000 "," $34,454,631 "
" $35,000,000 "," $34,480,045 "
" $15,000,000 "," $34,499,204 "
" $600,000 "," $34,505,110 "
" $15,000,000 "," $34,533,783 "
" $2,500,000 "," $34,557,416 "
" $15,000,000 "," $34,562,222 "
" $9,000,000 "," $34,572,780 "
" $20,000,000 "," $34,600,000 "
" $50,000,000 "," $34,645,374 "
" $45,000,000 "," $34,668,249 "
" $14,000,000 "," $34,700,000 "
" $20,000,000 "," $34,718,173 "
" $14,000,000 "," $34,729,091 "
" $20,000,000 "," $34,787,111 "
" $50,000,000 "," $34,806,726 "
" $15,000,000 "," $34,820,335 "
" $5,000,000 "," $34,872,033 "
" $8,000,000 "," $34,873,513 "
" $13,000,000 "," $34,916,128 "
" $85,000,000 "," $340,384,141 "
" $3,800,000 "," $340,930 "
" $75,000,000 "," $342,416,460 "
" $42,000 "," $342,722 "
" $75,000,000 "," $342,769,200 "
" $80,000,000 "," $343,397,247 "
" $125,000,000 "," $344,780,046 "
" $85,000,000 "," $345,114,933 "
" $123,000,000 "," $345,141,403 "
" $200,000 "," $346,106 "
" $55,000,000 "," $347,100,000 "
" $90,000,000 "," $347,425,832 "
" $34,000,000 "," $348,319,861 "
" $110,000,000 "," $348,547,523 "
" $105,000,000 "," $348,629,585 "
" $80,000,000 "," $349,088,523 "
" $180,000,000 "," $349,143,061 "
" $80,000,000 "," $349,464,664 "
" $9,000,000 "," $349,618 "
" $15,000,000 "," $35,007,180 "
" $2,500,000 "," $35,017 "
" $10,000,000 "," $35,073,978 "
" $15,000,000 "," $35,106,706 "
" $7,250,000 "," $35,122,948 "
" $76,000,000 "," $35,129,610 "
" $2,000,000 "," $35,185,884 "
" $40,000,000 "," $35,195,939 "
" $2,000,000 "," $35,312 "
" $60,000,000 "," $35,319,689 "
" $5,000,000 "," $35,341,814 "
" $22,000,000 "," $35,409,686 "
" $70,000,000 "," $35,417,162 "
" $35,000,000 "," $35,426,759 "
" $20,000,000 "," $35,450,113 "
" $20,000,000 "," $35,472,739 "
" $30,000,000 "," $35,579,007 "
" $14,000,000 "," $35,579,177 "
" $45,000,000 "," $35,627,222 "
" $85,000,000 "," $35,681,080 "
" $800,000 "," $35,688 "
" $24,000,000 "," $35,792,945 "
" $7,000,000 "," $35,795,319 "
" $12,000,000 "," $35,830,713 "
" $20,000,000 "," $35,841,901 "
" $14,000,000 "," $35,856,053 "
" $30,000,000 "," $35,869,934 "
" $30,000,000 "," $35,891,257 "
" $7,000,000 "," $35,919 "
" $25,000,000 "," $35,990,505 "
" $87,000,000 "," $350,100,280 "
" $67,500,000 "," $350,976,753 "
" $190,000,000 "," $351,040,419 "
" $70,000,000 "," $351,500,000 "
" $18,000,000 "," $351,620,129 "
" $40,000,000 "," $351,774,938 "
" $73,000,000 "," $352,829,528 "
" $130,000,000 "," $352,831,065 "
" $5,000,000 "," $353,480 "
" $44,000,000 "," $353,715,317 "
" $15,000,000 "," $353,743 "
" $4,000,000 "," $354,704 "
" $1,000,000 "," $354,836 "
" $160,000,000 "," $355,408,305 "
" $52,000,000 "," $355,612,291 "
" $10,000,000 "," $355,919 "
" $127,500,000 "," $356,148,063 "
" $15,000,000 "," $356,258,047 "
" $60,000,000 "," $356,429,941 "
" $127,000,000 "," $356,546,621 "
" $15,000,000 "," $356,800,601 "
" $33,000,000 "," $357,687 "
" $45,000,000 "," $358,500,000 "
" $102,000,000 "," $358,824,714 "
" $20,000,000 "," $358,994,850 "
" $150,000,000 "," $359,142,722 "
" $5,000,000 "," $36,000,000 "
" $4,000,000 "," $36,000,000 "
" $10,000,000 "," $36,000,000 "
" $2,500,000 "," $36,028,802 "
" $30,000,000 "," $36,040,895 "
" $9,000,000 "," $36,049,108 "
" $25,000,000 "," $36,054,706 "
" $15,000,000 "," $36,068,890 "
" $18,000,000 "," $36,133,014 "
" $4,400,000 "," $36,145,695 "
" $7,000,000 "," $36,146,087 "
" $42,000,000 "," $36,197,221 "
" $10,000,000 "," $36,230,219 "
" $7,500,000 "," $36,238,752 "
" $13,000,000 "," $36,262,783 "
" $20,000,000 "," $36,265,745 "
" $4,000,000 "," $36,275,469 "
" $32,000,000 "," $36,299,670 "
" $23,000,000 "," $36,374,700 "
" $45,000,000 "," $36,404,841 "
" $6,000,000 "," $36,497 "
" $17,500,000 "," $36,521,223 "
" $9,000,000 "," $36,535,837 "
" $4,000,000 "," $36,630 "
" $5,500,000 "," $36,665,191 "
" $25,000,000 "," $36,682,170 "
" $2,250,000 "," $36,690,067 "
" $20,000,000 "," $36,720,752 "
" $30,000,000 "," $36,722,311 "
" $1,200,000 "," $36,741,667 "
" $75,000,000 "," $36,751,979 "
" $4,600,000 "," $36,751,984 "
" $9,700,000 "," $36,787,044 "
" $25,000,000 "," $36,833,473 "
" $60,000,000 "," $36,850,101 "
" $24,000,000 "," $36,856,306 "
" $21,000,000 "," $36,882,378 "
" $22,000,000 "," $360,099,999 "
" $135,000,000 "," $361,730,660 "
" $103,000,000 "," $362,000,072 "
" $100,000,000 "," $362,211,740 "
" $55,000,000 "," $362,605,033 "
" $110,000,000 "," $362,989,076 "
" $85,000,000 "," $363,064,265 "
" $45,000,000 "," $363,095,319 "
" $42,000,000 "," $363,728,226 "
" $30,000,000 "," $364,545,516 "
" $17,000,000 "," $364,607 "
" $100,000,000 "," $365,300,000 "
" $200,000,000 "," $365,491,792 "
" $93,000,000 "," $365,900,000 "
" $90,000,000 "," $366,101,666 "
" $55,000,000 "," $366,784,257 "
" $205,000,000 "," $367,262,558 "
" $500,000 "," $367,582 "
" $132,000,000 "," $367,650,911 "
" $61,000,000 "," $368,567,189 "
" $18,000,000 "," $37,048,526 "
" $35,000,000 "," $37,066,129 "
" $20,000,000 "," $37,226,218 "
" $2,000,000 "," $37,227 "
" $72,000,000 "," $37,306,334 "
" $6,200,000 "," $37,339,594 "
" $12,000,000 "," $37,400,000 "
" $10,000,000 "," $37,402,877 "
" $15,000,000 "," $37,466,538 "
" $50,000,000 "," $37,472,651 "
" $10,000,000 "," $37,493,221 "
" $20,000,000 "," $37,537,675 "
" $12,000,000 "," $37,584,304 "
" $1,000,000 "," $37,600,000 "
" $15,000,000 "," $37,659,652 "
" $20,000,000 "," $37,672,944 "
" $40,000,000 "," $37,750,754 "
" $2,700,000 "," $37,799,643 "
" $5,900,000 "," $37,831,658 "
" $2,160,000 "," $37,865 "
" $47,000,000 "," $37,923,818 "
" $39,000,000 "," $37,956,589 "
" $178,000,000 "," $370,541,256 "
" $140,000,000 "," $370,569,776 "
" $150,000,000 "," $370,742,166 "
" $800,000 "," $371,647 "
" $75,000,000 "," $371,917,043 "
" $1,500,000 "," $372,239 "
" $4,000,000 "," $373,375 "
" $300,000 "," $373,615 "
" $130,000,000 "," $373,993,951 "
" $232,000,000 "," $374,085,065 "
" $65,000,000 "," $374,105,123 "
" $150,000,000 "," $374,825,760 "
" $5,000,000 "," $374,890,034 "
" $20,000,000 "," $375,474 "
" $140,000,000 "," $375,740,705 "
" $125,000,000 "," $376,000,000 "
" $55,000,000 "," $376,856,949 "
" $45,000,000 "," $377,807,404 "
" $85,000,000 "," $378,505,812 "
" $3,000,000 "," $379,161 "
" $21,000,000 "," $38,017,873 "
" $17,000,000 "," $38,028,230 "
" $10,000,000 "," $38,067,218 "
" $40,000,000 "," $38,087,756 "
" $25,000,000 "," $38,112,154 "
" $22,700,000 "," $38,119,483 "
" $30,000,000 "," $38,122,000 "
" $7,000,000 "," $38,158,601 "
" $28,000,000 "," $38,159,905 "
" $20,000,000 "," $38,164,784 "
" $40,000,000 "," $38,172,500 "
" $3,000,000 "," $38,236,338 "
" $4,000,000 "," $38,251,425 "
" $65,000,000 "," $38,253,433 "
" $35,200,000 "," $38,283,765 "
" $57,000,000 "," $38,329,114 "
" $25,000,000 "," $38,351,350 "
" $10,000,000 "," $38,364,855 "
" $60,000,000 "," $38,389,024 "
" $30,000,000 "," $38,462,071 "
" $15,000,000 "," $38,512,850 "
" $55,000,000 "," $38,564,422 "
" $15,000,000 "," $38,574,362 "
" $20,000,000 "," $38,585,047 "
" $50,000,000 "," $38,590,458 "
" $23,000,000 "," $38,684,906 "
" $25,000,000 "," $38,718,031 "
" $30,000,000 "," $38,747,385 "
" $25,000,000 "," $38,749,404 "
" $31,500,000 "," $38,771,262 "
" $26,000,000 "," $38,788,828 "
" $40,000,000 "," $38,899,792 "
" $28,000,000 "," $38,959,900 "
" $13,000,000 "," $38,976,797 "
" $70,000,000 "," $38,992,292 "
" $900,000 "," $381,420 "
" $175,000,000 "," $381,687,380 "
" $110,000,000 "," $382,288,147 "
" $7,000,000 "," $382,946 "
" $4,000,000 "," $384,244 "
" $14,000,000 "," $384,519,665 "
" $85,000,000 "," $385,000,317 "
" $19,000,000 "," $385,524,862 "
" $140,000,000 "," $385,680,446 "
" $130,000,000 "," $386,069,390 "
" $56,000,000 "," $386,096,060 "
" $65,000,000 "," $386,116,343 "
" $6,000,000 "," $387,513,770 "
" $165,000,000 "," $387,644,286 "
" $2,200,000 "," $388,390 "
" $20,000,000 "," $389,925,971 "
" $60,000,000 "," $39,006,188 "
" $12,000,000 "," $39,012,241 "
" $65,000,000 "," $39,017,984 "
" $15,000,000 "," $39,100,956 "
" $25,000,000 "," $39,126,427 "
" $28,000,000 "," $39,134,983 "
" $25,000,000 "," $39,217,912 "
" $17,000,000 "," $39,233,233 "
" $60,000,000 "," $39,235,486 "
" $15,000,000 "," $39,238,443 "
" $6,000,000 "," $39,241,323 "
" $75,000,000 "," $39,251,128 "
" $21,000,000 "," $39,319,801 "
" $35,000,000 "," $39,340,177 "
" $28,000,000 "," $39,360,491 "
" $4,300,000 "," $39,374,600 "
" $16,500,000 "," $39,380,876 "
" $25,000,000 "," $39,393,111 "
" $300,000 "," $39,475 "
" $32,000,000 "," $39,498,360 "
" $65,000,000 "," $39,499,349 "
" $150,000,000 "," $39,549,758 "
" $13,300,000 "," $39,686,345 "
" $20,000,000 "," $39,686,769 "
" $5,000,000 "," $39,723,096 "
" $40,000,000 "," $39,753,957 "
" $50,000,000 "," $39,778,599 "
" $6,000,000 "," $39,846,344 "
" $3,000,000 "," $39,852 "
" $11,000,000 "," $39,984,023 "
" $50,000,000 "," $390,500,000 "
" $3,900,000 "," $390,525,192 "
" $6,000,000 "," $391,942 "
" $100,000,000 "," $391,976,723 "
" $150,000,000 "," $397,501,348 "
" $195,000,000 "," $397,644,453 "
" $4,000,000 "," $399,793 "
" $300,000 "," $399,908 "
" $350,000 "," $4,000,000 "
" $3,000,000 "," $4,000,000 "
" $2,000,000 "," $4,000,000 "
" $1,644,000 "," $4,000,000 "
" $3,000,000 "," $4,002,884 "
" $36,000,000 "," $4,020,990 "
" $15,000,000 "," $4,023,741 "
" $25,000,000 "," $4,049,527 "
" $25,000,000 "," $4,064,333 "
" $22,000,000 "," $4,065,020 "
" $18,000,000 "," $4,100,000 "
" $3,000,000 "," $4,109,095 "
" $3,400,000 "," $4,124,277 "
" $14,000,000 "," $4,127,619 "
" $1,500,000 "," $4,128,828 "
" $500,000 "," $4,134 "
" $3,000,000 "," $4,142,507 "
" $7,500,000 "," $4,151,836 "
" $9,200,000 "," $4,199,334 "
" $6,400,000 "," $4,199,874 "
" $18,500,000 "," $4,221,341 "
" $4,000,000 "," $4,230,426 "
" $11,000,000 "," $4,234,355 "
" $7,500,000 "," $4,239,767 "
" $450,000 "," $4,243,996 "
" $1,200,000 "," $4,254 "
" $8,500,000 "," $4,273,372 "
" $14,000,000 "," $4,288,246 "
" $2,000,000 "," $4,294,373 "
" $600,000 "," $4,300,000 "
" $4,000,000 "," $4,301,000 "
" $9,000,000 "," $4,313,644 "
" $6,000,000 "," $4,316,497 "
" $4,000,000 "," $4,327 "
" $9,000,000 "," $4,333,569 "
" $24,000,000 "," $4,356,126 "
" $32,000,000 "," $4,357,406 "
" $379,000 "," $4,358,000 "
" $12,500,000 "," $4,360,548 "
" $7,000,000 "," $4,372,561 "
" $20,000,000 "," $4,383,538 "
" $6,000,000 "," $4,398,989 "
" $42,000,000 "," $4,408,420 "
" $46,000,000 "," $4,408,636 "
" $5,000,000 "," $4,414,753 "
" $3,000,000 "," $4,417,983 "
" $1,600,000 "," $4,420,000 "
" $750,000 "," $4,422,318 "
" $20,000,000 "," $4,453,327 "
" $4,000,000 "," $4,454,853 "
" $27,000,000 "," $4,485,485 "
" $4,800,000 "," $4,494,560 "
" $35,000,000 "," $4,496,583 "
" $20,000,000 "," $4,504,111 "
" $80,000,000 "," $4,547,660 "
" $4,500,000 "," $4,556,982 "
" $28,700,000 "," $4,559,569 "
" $5,000,000 "," $4,568,257 "
" $3,000,000 "," $4,570,178 "
" $1,900,000 "," $4,581,937 "
" $9,000 "," $4,584 "
" $1,900,000 "," $4,600,000 "
" $12,000,000 "," $4,606,284 "
" $250,000 "," $4,613,482 "
" $4,000,000 "," $4,630,045 "
" $35,000,000 "," $4,651,977 "
" $3,000,000 "," $4,655 "
" $10,000,000 "," $4,659,110 "
" $3,000,000 "," $4,668,109 "
" $23,000,000 "," $4,673,377 "
" $68,000 "," $4,678,513 "
" $10,000,000 "," $4,690,802 "
" $1,250,000 "," $4,700,000 "
" $10,000,000 "," $4,708,127 "
" $6,000,000 "," $4,713,059 "
" $8,000,000 "," $4,714,090 "
" $7,000,000 "," $4,720,371 "
" $1,700,000 "," $4,727,375 "
" $5,400,000 "," $4,728,896 "
" $1,000,000 "," $4,731,944 "
" $14,000,000 "," $4,741,987 "
" $19,000,000 "," $4,750,000 "
" $20,000,000 "," $4,754,517 "
" $9,000,000 "," $4,777,465 "
" $11,000,000 "," $4,814,244 "
" $5,000,000 "," $4,815,890 "
" $5,000,000 "," $4,816,142 "
" $4,000,000 "," $4,854,356 "
" $700,000 "," $4,857,731 "
" $5,500,000 "," $4,865,000 "
" $12,000,000 "," $4,880,941 "
" $15,000,000 "," $4,892 "
" $700,000 "," $4,911,725 "
" $60,000 "," $4,917 "
" $12,000,000 "," $4,922,166 "
" $70,000 "," $4,930 "
" $9,000,000 "," $4,934,104 "
" $2,500,000 "," $4,934,356 "
" $15,000,000 "," $4,956,401 "
" $30,000,000 "," $4,967,493 "
" $4,750,000 "," $4,972,016 "
" $12,000,000 "," $4,984,663 "
" $7,500,000 "," $40,016,662 "
" $24,000,000 "," $40,020,622 "
" $10,000,000 "," $40,055,439 "
" $4,000,000 "," $40,103,262 "
" $50,000,000 "," $40,119,848 "
" $62,000,000 "," $40,123,346 "
" $15,000,000 "," $40,127,259 "
" $80,000,000 "," $40,147,042 "
" $7,000,000 "," $40,157,856 "
" $3,300,000 "," $40,262 "
" $15,000,000 "," $40,283,321 "
" $25,000,000 "," $40,287,017 "
" $5,000,000 "," $40,311,842 "
" $39,000,000 "," $40,319,440 "
" $16,000,000 "," $40,363,530 "
" $40,000,000 "," $40,435,694 "
" $3,500,000 "," $40,454,520 "
" $10,000,000 "," $40,485,039 "
" $30,000,000 "," $40,520,649 "
" $3,500,000 "," $40,527,719 "
" $25,000,000 "," $40,686,409 "
" $25,000,000 "," $40,796,145 "
" $15,000,000 "," $40,862,054 "
" $28,000,000 "," $40,966,716 "
" $200,000,000 "," $400,062,763 "
" $12,000,000 "," $400,214,478 "
" $10,000 ", $401 
" $170,000,000 "," $401,021,746 "
" $150,000,000 "," $402,231,063 "
" $37,000,000 "," $402,280,159 "
" $125,000,000 "," $402,448,265 "
" $105,000,000 "," $403,841,637 "
" $94,000,000 "," $404,561,724 "
" $175,000,000 "," $405,760,225 "
" $50,000 "," $406,299 "
" $500,000 "," $407,100 "
" $5,000,000 "," $407,488 "
" $125,000,000 "," $407,711,549 "
" $6,000,000 "," $408,159 "
" $70,702,619 "," $408,269,295 "
" $10,000,000 "," $41,004,412 "
" $20,000,000 "," $41,015,970 "
" $50,000,000 "," $41,042,583 "
" $26,000,000 "," $41,059,418 "
" $25,000,000 "," $41,076,865 "
" $18,000,000 "," $41,148,679 "
" $2,200,000 "," $41,158,757 "
" $42,000,000 "," $41,267,469 "
" $5,500,000 "," $41,268,579 "
" $40,000,000 "," $41,294,674 "
" $20,000,000 "," $41,296,320 "
" $18,000,000 "," $41,300,105 "
" $8,000,000 "," $41,334,735 "
" $20,000,000 "," $41,342,180 "
" $58,000,000 "," $41,348,628 "
" $18,000,000 "," $41,382,841 "
" $6,900,000 "," $41,410,568 "
" $30,000,000 "," $41,457,834 "
" $45,000,000 "," $41,467,606 "
" $50,000,000 "," $41,476,097 "
" $33,000,000 "," $41,495,213 "
" $25,000,000 "," $41,560,117 "
" $65,000,000 "," $41,636,243 "
" $50,000,000 "," $41,642,166 "
" $35,000,000 "," $41,666,476 "
" $5,000,000 "," $41,699,612 "
" $12,000,000 "," $41,744,718 "
" $100,000 "," $41,753,881 "
" $22,000,000 "," $41,771,168 "
" $24,000,000 "," $41,798,224 "
" $5,000,000 "," $41,824,066 "
" $5,000,000 "," $41,833,347 "
" $3,800,000 "," $41,914 "
" $25,000,000 "," $41,921,590 "
" $12,000,000 "," $41,924,774 "
" $20,000,000 "," $41,975,388 "
" $50,000,000 "," $41,982,227 "
" $25,000,000 "," $410,900,000 "
" $190,000,000 "," $411,002,906 "
" $35,000,000 "," $411,348,924 "
" $7,000,000 "," $411,874 "
" $25,000,000 "," $412,800,000 "
" $900,000 "," $413,733 "
" $12,000 "," $413,802 "
" $1,500,000 "," $414,404 "
" $8,000,000 "," $414,617 "
" $1,125,000 "," $414,736 "
" $57,500,000 "," $415,247,258 "
" $120,000,000 "," $416,197,059 "
" $80,000,000 "," $416,385,488 "
" $115,000,000 "," $416,456,852 "
" $225,000,000 "," $417,341,288 "
" $155,000,000 "," $418,186,950 "
" $1,500,000 "," $418,953 "
" $1,600,000 "," $419,428 "
" $6,000,000 "," $42,000,000 "
" $50,000,000 "," $42,002,029 "
" $35,000,000 "," $42,064,105 "
" $18,000,000 "," $42,067,430 "
" $1,700,000 "," $42,137,871 "
" $17,000,000 "," $42,141,196 "
" $18,000,000 "," $42,167,286 "
" $13,000,000 "," $42,174,545 "
" $13,000,000 "," $42,195,766 "
" $10,000,000 "," $42,226,657 "
" $21,000,000 "," $42,273,609 "
" $8,470,000 "," $42,355,526 "
" $8,000,000 "," $42,376,425 "
" $1,000,000 "," $42,411,721 "
" $6,500,000 "," $42,488,161 "
" $450,000 "," $42,503 "
" $600,000 "," $42,557 "
" $50,000,000 "," $42,598,498 "
" $25,000,000 "," $42,642,077 "
" $300,000 "," $42,735 "
" $10,000,000 "," $42,776,032 "
" $30,000,000 "," $42,799,060 "
" $5,000,000 "," $42,844,516 "
" $5,800,000 "," $421,021 "
" $400,000 ", $423 
" $50,000 "," $424,149 "
" $19,000,000 "," $424,200,000 "
" $85,000,000 "," $427,230,516 "
" $150,000,000 "," $427,300,260 "
" $1,000,000 "," $428,535 "
" $25,000 "," $428,923 "
" $135,000 "," $429,448 "
" $8,000,000 "," $43,000,000 "
" $5,700,000 "," $43,044,087 "
" $16,000,000 "," $43,057,552 "
" $15,000,000 "," $43,111,725 "
" $12,000,000 "," $43,281,552 "
" $18,000,000 "," $43,308,707 "
" $20,000,000 "," $43,326,383 "
" $45,000,000 "," $43,343,247 "
" $12,000,000 "," $43,353,117 "
" $18,000,000 "," $43,402,515 "
" $30,000,000 "," $43,440,721 "
" $7,500,000 "," $43,492,389 "
" $8,500,000 "," $43,528,634 "
" $25,000,000 "," $43,530,281 "
" $65,000,000 "," $43,545,364 "
" $32,000,000 "," $43,603,990 "
" $27,500,000 "," $43,607,627 "
" $21,000,000 "," $43,632,609 "
" $20,000,000 "," $43,658,157 "
" $6,000,000 "," $43,700,000 "
" $21,000,000 "," $43,728,560 "
" $4,000,000 "," $43,766,463 "
" $36,000,000 "," $43,797,731 "
" $16,500,000 "," $43,848,100 "
" $12,000,000 "," $43,924,923 "
" $21,000,000 "," $43,928,932 "
" $10,000,000 "," $43,948,865 "
" $78,000,000 "," $43,957,541 "
" $55,000,000 "," $43,980,363 "
" $25,000,000 "," $43,988,888 "
" $15,000,000 "," $430,821,168 "
" $142,000,000 "," $431,942,139 "
" $14,000,000 "," $432,645,872 "
" $170,000,000 "," $433,058,296 "
" $160,000,000 "," $433,125,655 "
" $20,000,000 "," $433,574,208 "
" $400,000 "," $433,588 "
" $98,000,000 "," $435,040,395 "
" $420,000 "," $435,168 "
" $200,000 "," $439,651 "
" $12,500,000 "," $44,083,403 "
" $6,900,000 "," $44,103,982 "
" $5,000,000 "," $44,115,496 "
" $23,000,000 "," $44,195,779 "
" $9,000,000 "," $44,196,684 "
" $12,000,000 "," $44,200,000 "
" $29,000,000 "," $44,267,641 "
" $27,000,000 "," $44,270,131 "
" $27,000,000 "," $44,342,956 "
" $40,000,000 "," $44,383,030 "
" $19,000,000 "," $44,391,156 "
" $15,000,000 "," $44,400,000 "
" $38,000,000 "," $44,411,527 "
" $10,000,000 "," $44,451,470 "
" $400,000 "," $44,452 "
" $3,750,000 "," $44,462 "
" $20,000,000 "," $44,513,466 "
" $747,000 "," $44,566 "
" $10,000,000 "," $44,567,606 "
" $85,000,000 "," $44,650,003 "
" $200,000 "," $44,701 "
" $13,000,000 "," $44,726,644 "
" $3,600,000 "," $44,785,053 "
" $500,000 "," $44,793,168 "
" $5,000,000 "," $44,793,222 "
" $20,000,000 "," $44,821,299 "
" $25,000,000 "," $44,942,821 "
" $40,000,000 "," $44,948,240 "
" $155,000,000 "," $440,160,956 "
" $5,300,000 "," $440,821 "
" $25,000,000 "," $441,286,003 "
" $140,000,000 "," $441,767,803 "
" $130,000,000 "," $442,161,562 "
" $65,000,000 "," $442,169,052 "
" $4,000,000 "," $442,550 "
" $850,000 "," $442,638 "
" $70,000,000 "," $443,483,213 "
" $8,000,000 "," $446,438 "
" $145,000,000 "," $448,191,819 "
" $151,500,000 "," $449,239,855 "
" $150,000,000 "," $449,326,618 "
" $100,000,000 "," $449,948,323 "
" $25,000 "," $45,000,000 "
" $19,000,000 "," $45,005,151 "
" $26,000,000 "," $45,043,870 "
" $43,000,000 "," $45,095,823 "
" $23,000,000 "," $45,121,177 "
" $27,000,000 "," $45,160,110 "
" $22,000,000 "," $45,273,464 "
" $16,000,000 "," $45,284,974 "
" $17,000,000 "," $45,312,217 "
" $29,000,000 "," $45,336,404 "
" $2,000,000 "," $45,431 "
" $12,500,000 "," $45,557,491 "
" $35,000,000 "," $45,680,201 "
" $42,000,000 "," $45,688,337 "
" $17,000,000 "," $45,707,924 "
" $10,000,000 "," $45,779 "
" $21,000,000 "," $45,785,720 "
" $30,000,000 "," $45,892,212 "
" $40,000,000 "," $45,916,769 "
" $10,000,000 "," $45,921,140 "
" $750,000 ", $450 
" $450,000 "," $450,349 "
" $12,000,000 "," $450,594 "
" $85,000,000 "," $450,728,529 "
" $20,000,000 "," $451,329,842 "
" $60,000,000 "," $454,161,935 "
" $9,000,000 "," $454,255 "
" $140,000,000 "," $456,810,575 "
" $8,000,000 "," $456,814 "
" $40,000,000 "," $457,507,776 "
" $103,000,000 "," $457,683,805 "
" $80,000,000 "," $457,697,994 "
" $60,000,000 "," $457,729,388 "
" $9,900,000 "," $458,054 "
" $8,000,000 "," $458,232 "
" $210,000,000 "," $459,359,555 "
" $11,000,000 "," $46,060,915 "
" $50,000,000 "," $46,112,640 "
" $400,000 "," $46,122,713 "
" $20,000,000 "," $46,164,361 "
" $40,000,000 "," $46,176,322 "
" $15,000,000 "," $46,189,568 "
" $30,000,000 "," $46,225,326 "
" $5,000,000 "," $46,263,525 "
" $35,000,000 "," $46,309,644 "
" $12,500,000 "," $46,370,970 "
" $7,000,000 "," $46,488 "
" $15,000,000 "," $46,526,243 "
" $45,000,000 "," $46,598,133 "
" $20,000,000 "," $46,604,054 "
" $6,000,000 "," $46,634,275 "
" $40,000,000 "," $46,666,955 "
" $12,000,000 "," $46,730,578 "
" $28,000,000 "," $46,752,858 "
" $25,000,000 "," $46,777,347 "
" $20,000,000 "," $46,790,428 "
" $51,000,000 "," $46,815,807 "
" $70,000,000 "," $461,651,246 "
" $800,000 "," $462,206 "
" $7,000,000 "," $463,039 "
" $65,000,000 "," $463,517,383 "
" $40,000,000 "," $463,730 "
" $35,000,000 "," $465,764,086 "
" $2,000,000 "," $466,106 "
" $190,000,000 "," $467,381,584 "
" $110,000,000 "," $469,590,832 "
" $15,000,000 "," $47,011,449 "
" $40,000,000 "," $47,085,064 "
" $18,000,000 "," $47,158,652 "
" $15,000,000 "," $47,175,038 "
" $55,000,000 "," $47,213,095 "
" $33,000,000 "," $47,267,829 "
" $7,000,000 "," $47,289,758 "
" $20,000,000 "," $47,300,771 "
" $56,000,000 "," $47,313,824 "
" $750,000 "," $47,329 "
" $60,000,000 "," $47,371,191 "
" $52,000,000 "," $47,407,635 "
" $8,500,000 "," $47,417,251 "
" $3,000,000 "," $47,469 "
" $20,000,000 "," $47,508,505 "
" $20,000,000 "," $47,666,013 "
" $16,000,000 "," $47,707,417 "
" $15,000,000 "," $47,721,314 "
" $18,975,000 "," $47,751,015 "
" $8,000,000 "," $47,782,426 "
" $40,000,000 "," $47,787,943 "
" $60,000,000 "," $47,818,913 "
" $20,000,000 "," $47,881,663 "
" $30,000,000 "," $47,902,566 "
" $4,500,000 "," $47,923,795 "
" $12,000,000 "," $470,700,000 "
" $80,000,000 "," $470,751,398 "
" $1,000,000 "," $473,769 "
" $48,000,000 "," $474,171,806 "
" $2,800,000 "," $475,000 "
" $1,000,000 "," $475,367 "
" $150,000,000 "," $475,825,484 "
" $15,000,000 "," $476,684,675 "
" $1,900,000 "," $478,595 "
" $30,000,000 "," $48,048,527 "
" $85,000,000 "," $48,056,764 "
" $65,000,000 "," $48,164,150 "
" $50,000,000 "," $48,169,156 "
" $35,000,000 "," $48,169,910 "
" $70,000,000 "," $48,197,252 "
" $30,000,000 "," $48,330,757 "
" $32,500,000 "," $48,425,971 "
" $37,000,000 "," $48,446,802 "
" $44,000,000 "," $48,478,084 "
" $25,000,000 "," $48,530,887 "
" $23,000,000 "," $48,531,242 "
" $35,000,000 "," $48,543,388 "
" $30,000,000 "," $48,559,999 "
" $45,000,000 "," $48,563,556 "
" $2,800,000 "," $48,570,885 "
" $60,000,000 "," $48,585,416 "
" $20,000,000 "," $48,680,977 "
" $11,900,000 "," $48,856 "
" $20,000,000 "," $48,958,353 "
" $21,000,000 "," $48,977,233 "
" $2,000,000 "," $481,525 "
" $93,000,000 "," $482,860,185 "
" $150,000,000 "," $484,161,265 "
" $81,000,000 "," $484,468,608 "
" $10,800,000 "," $484,873,045 "
" $125,000,000 "," $485,004,754 "
" $65,000,000 "," $485,035,085 "
" $110,000,000 "," $486,124,090 "
" $90,000,000 "," $487,519,809 "
" $43,000,000 "," $49,037,621 "
" $50,000,000 "," $49,105,766 "
" $6,000,000 "," $49,155,371 "
" $12,700,000 "," $49,196,532 "
" $60,000,000 "," $49,238,525 "
" $13,000,000 "," $49,369,899 "
" $60,000,000 "," $49,473,093 "
" $10,000,000 "," $49,486,874 "
" $6,800,000 "," $49,526 "
" $45,000,000 "," $49,610,898 "
" $120,000,000 "," $49,628,177 "
" $40,000,000 "," $49,686,263 "
" $70,000,000 "," $49,730,854 "
" $13,000,000 "," $49,733,545 "
" $11,000,000 "," $49,793,054 "
" $4,000,000 "," $49,800,000 "
" $20,000,000 "," $49,823,037 "
" $40,000,000 "," $49,851,591 "
" $19,000,000 "," $49,858,465 "
" $15,000,000 "," $49,894,223 "
" $7,000,000 "," $49,924,079 "
" $50,000,000 "," $49,928,680 "
" $200,000,000 "," $490,359,051 "
" $150,000,000 "," $490,875,846 "
" $50,000,000 "," $491,812,794 "
" $7,000,000 "," $492,108 "
" $125,000,000 "," $492,557,218 "
" $125,000,000 "," $493,214,888 "
" $130,000,000 "," $493,738,435 "
" $3,400,000 "," $493,905 "
" $165,000,000 "," $494,870,991 "
" $88,000,000 "," $495,700,000 "
" $165,000,000 "," $496,511,521 "
" $2,500,000 "," $497,195 "
" $90,000,000 "," $498,438,212 "
" $26,000,000 "," $5,000 "
" $3,716,946 "," $5,000,000 "
" $22,000,000 "," $5,000,000 "
" $210,000 "," $5,000,000 "
" $2,900,000 "," $5,000,000 "
" $13,000,000 "," $5,002,310 "
" $7,000,000 "," $5,017,971 "
" $400,000 "," $5,028,948 "
" $800,000 "," $5,034,794 "
" $10,000,000 "," $5,045,359 "
" $21,000,000 "," $5,046,038 "
" $1,500,000 "," $5,046,118 "
" $3,000,000 "," $5,073 "
" $3,000,000 "," $5,100,863 "
" $7,500,000 "," $5,142,858 "
" $10,000,000 "," $5,149,131 "
" $13,000,000 "," $5,175,088 "
" $27,000,000 "," $5,204,007 "
" $15,000,000 "," $5,217,498 "
" $100,000 "," $5,228,617 "
" $10,000,000 "," $5,241,315 "
" $9,600,000 "," $5,256,839 "
" $550,000 "," $5,269,990 "
" $1,300,000 "," $5,273,000 "
" $29,200,000 "," $5,278,519 "
" $9,500,000 "," $5,278,632 "
" $12,000,000 "," $5,295,909 "
" $25,000,000 "," $5,297,411 "
" $20,000,000 "," $5,313,608 "
" $8,000,000 "," $5,314,194 "
" $5,000,000 "," $5,321,508 "
" $20,000,000 "," $5,345,869 "
" $1,070,000 "," $5,348,767 "
" $2,000,000 "," $5,361 "
" $2,627,000 "," $5,363,000 "
" $2,700,000 "," $5,377,665 "
" $1,000,000 "," $5,382 "
" $1,000,000 "," $5,391,992 "
" $2,750,000 "," $5,394,447 "
" $1,600,000 "," $5,400,000 "
" $12,000,000 "," $5,400,624 "
" $75,000,000 "," $5,409,517 "
" $3,300,000 "," $5,422,740 "
" $4,500,000 "," $5,428,387 "
" $7,000,000 "," $5,430,822 "
" $10,000,000 "," $5,437,126 "
" $5,000,000 "," $5,438,120 "
" $1,000,000 "," $5,438,911 "
" $38,000,000 "," $5,473,041 "
" $5,000,000 "," $5,476,060 "
" $5,000,000 "," $5,476,793 "
" $1,000,000 "," $5,494 "
" $5,000,000 "," $5,502,773 "
" $25,000,000 "," $5,516,708 "
" $750,000 "," $5,520,368 "
" $8,000,000 "," $5,531,455 "
" $20,000,000 "," $5,531,756 "
" $12,000,000 "," $5,549,923 "
" $30,000,000 "," $5,564,014 "
" $1,900,000 "," $5,617,067 "
" $19,200,000 "," $5,617,460 "
" $500,000 "," $5,639,730 "
" $17,000,000 "," $5,653,176 "
" $25,000,000 "," $5,654,777 "
" $8,000,000 "," $5,656,388 "
" $18,000,000 "," $5,675,599 "
" $2,500,000 "," $5,683,371 "
" $28,000,000 "," $5,686,694 "
" $2,400,000 "," $5,691,854 "
" $20,000,000 "," $5,694,213 "
" $7,000,000 "," $5,694,308 "
" $3,500,000 "," $5,706,638 "
" $19,000,000 "," $5,714,913 "
" $1,800,000 "," $5,719,000 "
" $3,000,000 "," $5,732,587 "
" $3,000,000 "," $5,746,453 "
" $25,000,000 "," $5,778,353 "
" $14,000,000 "," $5,782,198 "
" $1,000,000 "," $5,797,192 "
" $9,200,000 "," $5,806,666 "
" $18,000,000 "," $5,823,540 "
" $16,000,000 "," $5,825,314 "
" $18,000,000 "," $5,828,466 "
" $4,200,000 "," $5,835,247 "
" $150,000 "," $5,858 "
" $13,000,000 "," $5,871,603 "
" $1,000,000 "," $5,892,466 "
" $20,000,000 "," $5,918,742 "
" $3,000,000 "," $5,922,292 "
" $3,500,000 "," $5,923,044 "
" $10,000,000 "," $5,950,002 "
" $15,000,000 "," $5,953,886 "
" $4,000,000 "," $5,966,671 "
" $33,500,000 "," $50,000,000 "
" $15,000,000 "," $50,000,000 "
" $15,000,000 "," $50,003,303 "
" $50,000,000 "," $50,054,511 "
" $50,000,000 "," $50,068,310 "
" $40,000,000 "," $50,071,069 "
" $10,000,000 "," $50,100,000 "
" $16,000,000 "," $50,103,808 "
" $30,000,000 "," $50,145,607 "
" $36,000,000 "," $50,159,144 "
" $73,000,000 "," $50,168,294 "
" $53,000,000 "," $50,187,789 "
" $48,000,000 "," $50,315,140 "
" $8,500,000 "," $50,334,418 "
" $35,000,000 "," $50,363,790 "
" $58,000,000 "," $50,365,498 "
" $75,000,000 "," $50,409,753 "
" $13,000,000 "," $50,445,860 "
" $5,500,000 "," $50,458,356 "
" $16,000,000 "," $50,517,763 "
" $27,500,000 "," $50,578,411 "
" $80,000,000 "," $50,632,037 "
" $60,000,000 "," $50,648,806 "
" $25,000,000 "," $50,692,188 "
" $54,000,000 "," $50,719,373 "
" $25,000,000 "," $50,738,810 "
" $10,000,000 "," $50,752,337 "
" $26,000,000 "," $50,800,000 "
" $8,000,000 "," $50,811,858 "
" $23,000,000 "," $50,813,834 "
" $8,300,000 "," $50,827,466 "
" $20,000,000 "," $50,948,811 "
" $38,000,000 "," $50,970,660 "
" $2,400,000 "," $500,296 "
" $1,000,000 "," $501,289 "
" $28,000,000 "," $504,050,219 "
" $2,500,000 "," $507,446 "
" $13,000,000 "," $509,193 "
" $6,000,000 "," $509,424 "
" $30,000,000 "," $51,041,856 "
" $30,000,000 "," $51,078,541 "
" $7,000,000 "," $51,204,567 "
" $30,000,000 "," $51,327,406 "
" $20,000,000 "," $51,445,503 "
" $250,000 "," $51,540 "
" $1,000,000 "," $51,587 "
" $30,000,000 "," $51,618,420 "
" $22,000,000 "," $51,695,362 "
" $25,000,000 "," $51,702,929 "
" $19,000,000 "," $51,733,921 "
" $40,000,000 "," $51,867,723 "
" $4,500,000 "," $51,957 "
" $18,000,000 "," $51,973,029 "
" $1,500,000 "," $510,957 "
" $90,000,000 "," $511,358,276 "
" $100,000,000 "," $513,815,401 "
" $60,000,000 "," $516,567,575 "
" $15,500,000 "," $517,262 "
" $22,000,000 "," $517,600,000 "
" $130,000,000 "," $518,602,163 "
" $140,000,000 "," $518,614,384 "
" $21,000,000 "," $52,037,603 "
" $15,000,000 "," $52,189,039 "
" $12,000,000 "," $52,223,306 "
" $8,000,000 "," $52,287,414 "
" $10,000,000 "," $52,293,000 "
" $6,000,000 "," $52,302,978 "
" $30,000,000 "," $52,339,566 "
" $25,000,000 "," $52,427,346 "
" $1,500,000 "," $52,429 "
" $200,000 "," $52,443 "
" $15,000,000 "," $52,461,017 "
" $15,000,000 "," $52,501,541 "
" $25,000,000 "," $52,543,354 "
" $16,000,000 "," $52,545,707 "
" $180,000,000 "," $52,573,132 "
" $35,000,000 "," $52,649,951 "
" $1,000,000 "," $52,769,915 "
" $4,000,000 "," $52,819,253 "
" $30,000,000 "," $52,880,016 "
" $11,000,000 "," $52,929,168 "
" $50,000,000 "," $52,987,754 "
" $8,000,000 "," $524,747 "
" $10,000 ", $527 
" $72,500,000 "," $527,071,022 "
" $15,000,000 "," $528,731 "
" $160,000,000 "," $529,076,069 "
" $15,000,000 "," $529,766 "
" $30,000,000 "," $53,048,539 "
" $8,000,000 "," $53,068,955 "
" $8,000,000 "," $53,086 "
" $52,000,000 "," $53,139,168 "
" $23,000,000 "," $53,182,088 "
" $20,000,000 "," $53,191,101 "
" $500,000 "," $53,201 "
" $31,000,000 "," $53,208,180 "
" $35,000,000 "," $53,293,628 "
" $25,000,000 "," $53,345,287 "
" $13,000,000 "," $53,424,681 "
" $35,000,000 "," $53,425,292 "
" $80,000,000 "," $53,508,858 "
" $30,000,000 "," $53,572,822 "
" $16,000,000 "," $53,774,833 "
" $50,000,000 "," $53,850,527 "
" $40,000,000 "," $53,864,342 "
" $55,000,000 "," $53,913,573 "
" $20,000,000 "," $53,976,987 "
" $16,000,000 "," $53,977,250 "
" $190,000,000 "," $531,514,650 "
" $5,600,000 "," $531,806 "
" $180,000,000 "," $532,590,994 "
" $135,000,000 "," $532,950,503 "
" $23,000,000 "," $534,171,960 "
" $95,000,000 "," $534,551,353 "
" $125,000,000 "," $535,663,443 "
" $2,000,000 "," $539,961 "
" $29,000,000 "," $54,045,832 "
" $30,000,000 "," $54,052,249 "
" $10,000,000 "," $54,104,225 "
" $53,000,000 "," $54,207,112 "
" $6,500,000 "," $54,215,416 "
" $70,000,000 "," $54,243,125 "
" $16,000,000 "," $54,294,169 "
" $13,200,000 "," $54,323,210 "
" $75,000,000 "," $54,344,321 "
" $26,000,000 "," $54,393,637 "
" $20,000,000 "," $54,404,202 "
" $33,000,000 "," $54,533,774 "
" $80,000,000 "," $54,540,662 "
" $70,000,000 "," $54,612,337 "
" $72,000,000 "," $54,616,869 "
" $35,000,000 "," $54,768,418 "
" $13,000,000 "," $54,837,234 "
" $45,000,000 "," $54,855,235 "
" $60,000,000 "," $54,994,757 "
" $178,000,000 "," $542,742,489 "
" $1,000,000 "," $542,909 "
" $14,200,000 "," $543,306 "
" $69,000,000 "," $543,495,033 "
" $58,000,000 "," $547,326,372 "
" $1,000,000 "," $549,185 "
" $120,000,000 "," $549,588,516 "
" $2,500,000 "," $549,632 "
" $500,000 "," $55,000 "
" $1,500,000 "," $55,000,000 "
" $17,000,000 "," $55,041,738 "
" $25,000,000 "," $55,090,374 "
" $3,000,000 "," $55,193,251 "
" $40,000,000 "," $55,247,881 "
" $40,000,000 "," $55,249,159 "
" $25,000,000 "," $55,279,608 "
" $28,000,000 "," $55,307,857 "
" $50,000,000 "," $55,348,693 "
" $25,000,000 "," $55,443,032 "
" $50,000,000 "," $55,489,826 "
" $27,000,000 "," $55,495,466 "
" $500,000 "," $55,518,641 "
" $15,000,000 "," $55,534,455 "
" $20,000,000 "," $55,576,699 "
" $7,000,000 "," $55,617,866 "
" $15,000,000 "," $55,669,466 "
" $20,000,000 "," $55,686,944 "
" $40,000,000 "," $55,696,705 "
" $22,000,000 "," $55,762,229 "
" $1,500,000 "," $55,800,987 "
" $45,000,000 "," $55,842,724 "
" $37,000,000 "," $55,909,910 "
" $15,000,000 "," $55,934,178 "
" $20,000,000 "," $55,975,672 "
" $207,000,000 "," $550,517,357 "
" $60,720,000 "," $552,198,479 "
" $1,000,000 "," $552,614 "
" $10,000,000 "," $552,641 "
" $140,000,000 "," $554,600,000 "
" $185,000,000 "," $554,606,532 "
" $130,000,000 "," $554,987,477 "
" $7,500,000 "," $555,335 "
" $50,000,000 "," $556,016,627 "
" $125,000,000 "," $556,319,450 "
" $75,000,000 "," $556,559,566 "
" $12,000,000 "," $557,545 "
" $115,000,000 "," $559,757,719 "
" $25,000,000 "," $56,042,592 "
" $1,400,000 "," $56,073 "
" $50,000,000 "," $56,077,088 "
" $12,000,000 "," $56,131,239 "
" $11,000,000 "," $56,178,935 "
" $6,500,000 "," $56,200,634 "
" $42,000,000 "," $56,331,864 "
" $20,000,000 "," $56,398,162 "
" $65,000,000 "," $56,409,722 "
" $25,000,000 "," $56,434,942 "
" $42,000,000 "," $56,438,555 "
" $19,000,000 "," $56,445,534 "
" $1,100,000 "," $56,491 "
" $25,000,000 "," $56,505,065 "
" $16,000,000 "," $56,506,120 "
" $7,000,000 "," $56,586,901 "
" $13,700,000 "," $56,598,476 "
" $50,000,000 "," $56,643,267 "
" $5,500,000 "," $56,653 "
" $60,000,000 "," $56,709,981 "
" $11,000,000 "," $56,758,138 "
" $20,000,000 "," $56,822,960 "
" $35,000,000 "," $56,968,169 "
" $200,000,000 "," $560,155,383 "
" $185,000,000 "," $561,137,727 "
" $4,000,000 "," $563,711 "
" $110,000,000 "," $563,749,323 "
" $2,600,000 "," $564,474 "
" $14,500,000 "," $565,801 "
" $5,000,000 "," $567,219 "
" $217,000,000 "," $568,923,844 "
" $12,000,000 "," $57,000,000 "
" $7,000,000 "," $57,051,053 "
" $13,000,000 "," $57,189,408 "
" $18,000,000 "," $57,193,655 "
" $27,000,000 "," $57,229,890 "
" $50,000,000 "," $57,261,763 "
" $17,000,000 "," $57,263,440 "
" $4,000,000 "," $57,273,049 "
" $20,000,000 "," $57,293,371 "
" $13,000,000 "," $57,300,000 "
" $45,000,000 "," $57,362,581 "
" $5,500,000 "," $57,467,731 "
" $11,500,000 "," $57,469,179 "
" $18,000,000 "," $57,490,024 "
" $22,000,000 "," $57,520,063 "
" $12,000,000 "," $57,577,765 "
" $15,000,000 "," $57,586,606 "
" $60,000,000 "," $57,604,723 "
" $38,000,000 "," $57,753,825 "
" $36,000,000 "," $57,824,533 "
" $42,000,000 "," $57,850,343 "
" $15,000,000 "," $57,907,734 "
" $38,600,000 "," $57,987,299 "
" $40,000,000 "," $570,998,101 "
" $32,500,000 "," $572,705,079 "
" $135,000,000 "," $573,068,425 "
" $2,300,000 "," $574,838 "
" $110,000,000 "," $579,446,407 "
" $16,500,000 "," $58,011,485 "
" $57,500,000 "," $58,085,235 "
" $800,000 "," $58,163 "
" $30,000,000 "," $58,228,460 "
" $25,000,000 "," $58,240,458 "
" $3,000,000 "," $58,240,487 "
" $40,000,000 "," $58,250,151 "
" $80,000,000 "," $58,270,391 "
" $38,000,000 "," $58,394,308 "
" $35,000,000 "," $58,405,313 "
" $40,000,000 "," $58,501,127 "
" $65,000,000 "," $58,545,540 "
" $19,000,000 "," $58,571,513 "
" $45,000,000 "," $58,617,334 "
" $1,500,000 "," $58,692 "
" $37,500,000 "," $58,792,011 "
" $23,000,000 "," $58,807,172 "
" $6,000,000 "," $58,809,149 "
" $40,000,000 "," $58,855,732 "
" $1,200,000 "," $58,936 "
" $10,000,000 "," $58,939,035 "
" $70,000,000 "," $58,953,319 "
" $5,000,000 "," $58,978,653 "
" $186,000,000 "," $584,604,126 "
" $150,000,000 "," $585,532,684 "
" $80,000,000 "," $586,464,305 "
" $260,000,000 "," $586,581,936 "
" $90,000,000 "," $587,790,539 "
" $8,000,000 "," $589,308 "
" $15,000,000 "," $59,168,692 "
" $25,000,000 "," $59,183,821 "
" $100,000 "," $59,424 "
" $58,000,000 "," $59,431,365 "
" $32,000,000 "," $59,450,353 "
" $45,000,000 "," $59,551,283 "
" $1,000,000 "," $59,567,035 "
" $750,000 "," $59,656 "
" $20,000,000 "," $59,667,625 "
" $9,500,000 "," $59,675,307 "
" $2,300,000 "," $59,696 "
" $550,000 "," $59,754,601 "
" $40,000,000 "," $59,795,070 "
" $100,000,000 "," $59,918,422 "
" $2,500,000 "," $59,922,558 "
" $39,000,000 "," $59,950,623 "
" $8,000,000 "," $590,817 "
" $230,000,000 "," $591,692,078 "
" $2,500,000 "," $593,933 "
" $102,000,000 "," $594,420,283 "
" $1,200,000 "," $595,018 "
" $4,500,000 "," $597,989 "
" $10,000,000 "," $598,645 "
" $150,000,000 "," $599,516,844 "
" $4,000,000 "," $6,000,000 "
" $18,000,000 "," $6,000,000 "
" $10,000,000 "," $6,000,000 "
" $1,288,000 "," $6,000,000 "
" $1,600,000 "," $6,026,908 "
" $10,000,000 "," $6,030,047 "
" $1,000,000 "," $6,030,129 "
" $22,000,000 "," $6,047,691 "
" $2,000,000 "," $6,049,171 "
" $20,000,000 "," $6,071,433 "
" $20,000,000 "," $6,093,725 "
" $1,200,000 "," $6,100,000 "
" $13,500,000 "," $6,118,683 "
" $100,000 "," $6,121,582 "
" $5,500,000 "," $6,148,823 "
" $26,000,000 "," $6,154,172 "
" $5,000,000 "," $6,157,157 "
" $6,500,000 "," $6,173,485 "
" $6,000,000 "," $6,176,114 "
" $10,000,000 "," $6,197,866 "
" $12,000,000 "," $6,200,000 "
" $20,000,000 "," $6,201,757 "
" $5,000,000 "," $6,205,034 "
" $2,000,000 "," $6,225,304 "
" $3,000,000 "," $6,239,723 "
" $10,000,000 "," $6,244,618 "
" $16,000,000 "," $6,248,077 "
" $200,000 "," $6,260 "
" $13,000,000 "," $6,276,869 "
" $50,000,000 "," $6,291,602 "
" $80,000,000 "," $6,300,451 "
" $40,000,000 "," $6,341,825 "
" $15,000,000 "," $6,379,575 "
" $2,500,000 "," $6,401,336 "
" $39,000,000 "," $6,429,865 "
" $2,850,000 "," $6,435,262 "
" $35,000,000 "," $6,448,817 "
" $3,500,000 "," $6,451,628 "
" $13,000,000 "," $6,459,183 "
" $30,000,000 "," $6,460,758 "
" $10,000,000 "," $6,491,969 "
" $38,000,000 "," $6,504,442 "
" $55,000,000 "," $6,521,829 "
" $7,000,000 "," $6,537,179 "
" $15,000,000 "," $6,551,310 "
" $14,000,000 "," $6,552,255 "
" $12,000,000 "," $6,553,186 "
" $15,000,000 "," $6,561,243 "
" $11,000,000 "," $6,586,324 "
" $5,000,000 "," $6,590,172 "
" $6,000,000 "," $6,591,365 "
" $2,686,000 "," $6,600,000 "
" $16,000,000 "," $6,615,452 "
" $200,000 "," $6,618,578 "
" $50,000,000 "," $6,626,115 "
" $8,000,000 "," $6,632,950 "
" $5,000,000 "," $6,656,705 "
" $140,000 "," $6,706,368 "
" $10,000,000 "," $6,719,864 "
" $18,000,000 "," $6,734,844 "
" $5,000,000 "," $6,755,271 "
" $18,000,000 "," $6,784 "
" $5,800,000 "," $6,800,000 "
" $1,800,000 "," $6,800,000 "
" $6,750,000 "," $6,812,530 "
" $21,000,000 "," $6,830,957 "
" $8,400,000 "," $6,831,069 "
" $15,000,000 "," $6,832,542 "
" $18,000,000 "," $6,841,142 "
" $6,000,000 "," $6,852,450 "
" $1,000,000 "," $6,870 "
" $3,000,000 "," $6,879,730 "
" $20,000,000 "," $6,882,696 "
" $17,900,000 "," $6,905,861 "
" $30,000,000 "," $6,916,869 "
" $2,500,000 "," $6,916,951 "
" $4,900,000 "," $6,924,321 "
" $20,000,000 "," $6,947,084 "
" $3,250,000 "," $6,965,361 "
" $12,000,000 "," $6,982,680 "
" $9,400,000 "," $60,000,000 "
" $12,000,000 "," $60,000,000 "
" $55,000,000 "," $60,209,334 "
" $18,000,000 "," $60,217,171 "
" $18,000,000 "," $60,264,805 "
" $68,000,000 "," $60,265,197 "
" $70,000,000 "," $60,279,822 "
" $50,000,000 "," $60,282,876 "
" $35,000,000 "," $60,376,247 "
" $13,000,000 "," $60,414,025 "
" $42,000,000 "," $60,437,727 "
" $80,000,000 "," $60,507,228 "
" $30,000,000 "," $60,512,680 "
" $27,000,000 "," $60,527,873 "
" $5,000,000 "," $60,611,845 "
" $77,600,000 "," $60,680,125 "
" $25,000,000 "," $60,694,737 "
" $30,000,000 "," $60,772,856 "
" $28,000,000 "," $60,780,981 "
" $20,000,000 "," $60,831,067 "
" $40,000,000 "," $60,862,471 "
" $17,500,000 "," $60,865,364 "
" $500,000 "," $602,789 "
" $66,000 "," $602,920 "
" $21,000,000 "," $606,162 "
" $132,000,000 "," $606,836,535 "
" $120,000,000 "," $607,987,022 "
" $1,300,000 "," $609,042 "
" $70,000,000 "," $61,031,932 "
" $35,000,000 "," $61,173,364 "
" $26,000,000 "," $61,308,153 "
" $15,000,000 "," $61,400,000 "
" $30,000,000 "," $61,449,135 "
" $45,000,000 "," $61,475,984 "
" $32,000,000 "," $61,477,797 "
" $30,000,000 "," $61,623,819 "
" $20,000,000 "," $61,680,792 "
" $125,000,000 "," $61,681,268 "
" $125,000,000 "," $61,698,899 "
" $35,000,000 "," $61,721,826 "
" $15,000,000 "," $61,788,393 "
" $15,000,000 "," $61,847 "
" $38,000,000 "," $61,894,591 "
" $30,000,000 "," $61,950,770 "
" $825,000 "," $610,776 "
" $92,000,000 "," $614,726,752 "
" $127,000,000 "," $615,577,068 "
" $52,000,000 "," $615,748,877 "
" $145,000,000 "," $616,102,924 "
" $375,000 "," $617,172 "
" $75,000,000 "," $618,638,999 "
" $33,000,000 "," $62,020,814 "
" $43,000,000 "," $62,063,972 "
" $11,000,000 "," $62,076,141 "
" $57,000,000 "," $62,097,495 "
" $28,000,000 "," $62,108,587 "
" $72,000,000 "," $62,176,754 "
" $50,000,000 "," $62,209,892 "
" $40,000,000 "," $62,226,214 "
" $250,000 "," $62,375 "
" $15,000,000 "," $62,401,343 "
" $30,000,000 "," $62,432,423 "
" $13,000,000 "," $62,452,927 "
" $12,000,000 "," $62,500,000 "
" $800,000 "," $62,544 "
" $4,000,000 "," $62,546,695 "
" $1,000,000 "," $62,561,449 "
" $8,000,000 "," $62,599,495 "
" $18,000,000 "," $62,646,763 "
" $65,000,000 "," $62,761,005 "
" $34,800,000 "," $62,831,715 "
" $50,000,000 "," $62,967,368 "
" $24,000,000 "," $62,989,834 "
" $12,000,000 "," $622,273 "
" $25,000,000 "," $622,341,924 "
" $14,000,000 "," $623,292 "
" $38,000,000 "," $623,374 "
" $170,000,000 "," $623,561,331 "
" $150,000,000 "," $624,234,272 "
" $150,000,000 "," $626,549,695 "
" $1,000,000 "," $627,287 "
" $18,000,000 "," $627,422 "
" $75,000,000 "," $627,886,287 "
" $125,000,000 "," $629,969,804 "
" $1,000,000 "," $63,014 "
" $43,000,000 "," $63,078,756 "
" $12,000,000 "," $63,118,386 "
" $28,000,000 "," $63,129,909 "
" $4,000,000 "," $63,180 "
" $64,000,000 "," $63,200,000 "
" $35,000,000 "," $63,211,088 "
" $10,000,000 "," $63,320,521 "
" $10,000,000 "," $63,354,114 "
" $90,000,000 "," $63,356,133 "
" $55,000,000 "," $63,408,614 "
" $10,000,000 "," $63,465,522 "
" $26,000,000 "," $63,489,752 "
" $55,000,000 "," $63,537,164 "
" $2,000,000 "," $63,555 "
" $53,000,000 "," $63,657,941 "
" $15,000,000 "," $63,706,632 "
" $1,150,000 "," $63,777,092 "
" $42,000,000 "," $63,781,100 "
" $34,000,000 "," $63,802,928 "
" $15,000,000 "," $63,954,968 "
" $10,000,000 "," $630,427 "
" $35,000,000 "," $630,779 "
" $130,000,000 "," $631,910,531 "
" $1,750,000 "," $634,803 "
" $125,000,000 "," $634,954,103 "
" $1,300,000 "," $635,305 "
" $2,000,000 "," $636,706 "
" $175,000,000 "," $638,087,983 "
" $150,000,000 "," $639,537,208 "
" $6,500,000 "," $64,148 "
" $30,000,000 "," $64,170,447 "
" $22,000,000 "," $64,171,419 "
" $35,000,000 "," $64,188,387 "
" $15,000,000 "," $64,232,714 "
" $5,000,000 "," $64,240,813 "
" $15,000,000 "," $64,252,038 "
" $30,000,000 "," $64,352,607 "
" $4,000,000 "," $64,359 "
" $28,000,000 "," $64,474,705 "
" $50,000,000 "," $64,477,051 "
" $25,000,000 "," $64,594,061 "
" $16,000,000 "," $64,733,391 "
" $150,000,000 "," $644,602,516 "
" $5,000,000 "," $648,183 "
" $35,000,000 "," $65,063,726 "
" $35,000,000 "," $65,084,116 "
" $19,000,000 "," $65,090,541 "
" $30,000,000 "," $65,121,280 "
" $15,000,000 "," $65,261,291 "
" $40,000,000 "," $65,282,732 "
" $35,000,000 "," $65,303,052 "
" $30,000,000 "," $65,343,694 "
" $30,000,000 "," $65,390,493 "
" $70,000,000 "," $65,409,046 "
" $20,000,000 "," $65,454,793 "
" $45,000,000 "," $65,532,491 "
" $12,000,000 "," $65,532,576 "
" $45,000,000 "," $65,595,141 "
" $95,000,000 "," $65,700,000 "
" $26,000,000 "," $65,705,772 "
" $90,000,000 "," $65,716,126 "
" $40,000,000 "," $65,754,228 "
" $18,000,000 "," $65,842,412 "
" $36,000,000 "," $65,967,750 "
" $160,000,000 "," $650,523,427 "
" $75,000,000 "," $651,899,282 "
" $165,000,000 "," $652,127,828 "
" $215,000,000 "," $654,213,485 "
" $400,000 "," $655,538 "
" $115,000,000 "," $656,695,615 "
" $25,000,000 "," $66,015,869 "
" $20,000,000 "," $66,143,005 "
" $54,000,000 "," $66,520,529 "
" $80,000,000 "," $66,554,547 "
" $60,000,000 "," $66,655,938 "
" $30,000,000 "," $66,742,138 "
" $20,000,000 "," $66,776,908 "
" $42,000,000 "," $66,787,173 "
" $45,000,000 "," $66,790,248 "
" $85,000,000 "," $66,941,559 "
" $20,000,000 "," $66,950,887 "
" $50,000,000 "," $66,961,644 "
" $1,700,000 "," $661,221 "
" $108,000,000 "," $663,851,905 "
" $150,000,000 "," $664,837,547 "
" $225,000,000 "," $667,999,518 "
" $165,000,000 "," $668,913,307 "
" $24,000,000 "," $669,276 "
" $37,000,000 "," $67,029,956 "
" $55,000,000 "," $67,130,045 "
" $15,000,000 "," $67,182,787 "
" $20,000,000 "," $67,192,859 "
" $15,000,000 "," $67,215,435 "
" $30,000,000 "," $67,255,916 "
" $60,000,000 "," $67,312,826 "
" $24,000,000 "," $67,348,218 "
" $5,000,000 "," $67,505 "
" $26,000,000 "," $67,647,574 "
" $250,000 "," $67,665 "
" $18,000,000 "," $67,683,989 "
" $50,000,000 "," $67,823,573 "
" $13,000,000 "," $67,867,998 "
" $20,000,000 "," $67,950,723 "
" $40,000,000 "," $672,806,292 "
" $1,800,000 ", $673 
" $10,000 "," $673,780 "
" $18,000,000 "," $676,698 "
" $165,000,000 "," $677,541,920 "
" $80,000,000 "," $677,923,379 "
" $4,000,000 "," $679,482 "
" $55,000,000 "," $679,850,637 "
" $31,000,000 "," $68,079,671 "
" $35,000,000 "," $68,170,792 "
" $10,000,000 "," $68,220,952 "
" $60,000,000 "," $68,336,997 "
" $20,000,000 "," $68,349,884 "
" $3,000,000 "," $68,452,128 "
" $19,000,000 "," $68,467,960 "
" $10,000,000 "," $68,541,786 "
" $16,000,000 "," $68,582,095 "
" $26,000,000 "," $68,613,992 "
" $8,500,000 "," $68,695,443 "
" $10,500,000 "," $68,700,000 "
" $35,000,000 "," $68,712,365 "
" $10,000,000 "," $68,722,848 "
" $8,000,000 "," $68,838,736 "
" $500,000 "," $680,914 "
" $50,000,000 "," $687,557,727 "
" $127,500,000 "," $689,420,051 "
" $30,000,000 "," $69,057,415 "
" $80,000,000 "," $69,131,860 "
" $70,000,000 "," $69,157,016 "
" $28,000,000 "," $69,290,699 "
" $50,000,000 "," $69,411,370 "
" $50,000,000 "," $69,425,966 "
" $39,000,000 "," $69,538,833 "
" $100,000,000 "," $69,548,641 "
" $5,700,000 "," $69,582 "
" $65,000,000 "," $69,688,384 "
" $22,000,000 "," $69,698,495 "
" $20,500,000 "," $69,701,637 "
" $11,000,000 "," $69,752,402 "
" $55,000,000 "," $69,759,296 "
" $40,000,000 "," $69,807,260 "
" $12,800,000 "," $69,821,476 "
" $12,500,000 "," $69,826,708 "
" $76,000,000 "," $69,845,011 "
" $15,000,000 "," $69,847,348 "
" $15,000,000 "," $69,995,385 "
" $3,200,000 "," $690,872 "
" $2,000,000 "," $691,880 "
" $145,000,000 "," $694,713,230 "
" $110,000,000 "," $695,941,797 "
" $40,000,000 "," $7,000,000 "
" $15,300,000 "," $7,000,000 "
" $12,500,000 "," $7,000,000 "
" $1,500,000 "," $7,000,000 "
" $1,200,000 "," $7,000,000 "
" $1,200,000 "," $7,000,000 "
" $5,600,000 "," $7,009,668 "
" $4,500,000 "," $7,011,317 "
" $100,000 "," $7,012,524 "
" $7,000,000 "," $7,017,859 "
" $23,000,000 "," $7,018,525 "
" $20,000,000 "," $7,022,183 "
" $200,000 "," $7,033 "
" $2,600,000 "," $7,033,931 "
" $10,000,000 "," $7,037,886 "
" $100,000,000 "," $7,094,995 "
" $5,000,000 "," $7,100,000 "
" $54,000,000 "," $7,126,002 "
" $18,000,000 "," $7,129,670 "
" $175,000 "," $7,137,502 "
" $25,000,000 "," $7,164,995 "
" $4,900,000 "," $7,174,984 "
" $18,000,000 "," $7,190,505 "
" $150,000 "," $7,193 "
" $2,540,000 "," $7,200,000 "
" $12,000,000 "," $7,203,439 "
" $13,300,000 "," $7,229,933 "
" $3,000,000 "," $7,282,851 "
" $17,500,000 "," $7,285,135 "
" $3,000,000 "," $7,301,115 "
" $16,800,000 "," $7,313,697 "
" $8,000,000 "," $7,315,248 "
" $2,000,000 "," $7,369,373 "
" $4,500,000 "," $7,389,233 "
" $900,000 "," $7,396 "
" $20,000,000 "," $7,405,084 "
" $3,000,000 "," $7,445,044 "
" $240,000 "," $7,484 "
" $10,000,000 "," $7,501,132 "
" $4,500,000 "," $7,503,672 "
" $4,000,000 "," $7,555,256 "
" $5,000,000 "," $7,556 "
" $8,500,000 "," $7,573,551 "
" $19,000,000 "," $7,576,604 "
" $15,000,000 "," $7,583,050 "
" $16,000,000 "," $7,585,011 "
" $2,000,000 "," $7,600,000 "
" $3,250,000 "," $7,680 "
" $41,000,000 "," $7,684,524 "
" $750,000 "," $7,712,436 "
" $9,000,000 "," $7,714,549 "
" $40,000,000 "," $7,729,552 "
" $30,000,000 "," $7,755,686 "
" $2,000,000 "," $7,756,617 "
" $3,000,000 "," $7,777,790 "
" $1,900,000 "," $7,785,229 "
" $2,000,000 "," $7,799,257 "
" $2,000,000 "," $7,800,000 "
" $1,000,000 "," $7,800,000 "
" $300,000 "," $7,808,524 "
" $6,000,000 "," $7,818,479 "
" $7,000,000 "," $7,824,358 "
" $1,200,000 "," $7,826 "
" $4,500,000 "," $7,838,405 "
" $10,000,000 "," $7,843,145 "
" $10,000,000 "," $7,862,131 "
" $13,000,000 "," $7,881,335 "
" $15,000,000 "," $7,885,048 "
" $3,000,000 "," $7,888,000 "
" $500,000 "," $7,890 "
" $12,000,000 "," $7,900,000 "
" $600,000 "," $7,943 "
" $6,900,000 "," $7,950,889 "
" $5,000,000 "," $7,951,247 "
" $40,000,000 "," $7,974,607 "
" $325,000 "," $70,000,000 "
" $14,000,000 "," $70,001,698 "
" $24,000,000 "," $70,027,933 "
" $35,000,000 "," $70,064,800 "
" $19,000,000 "," $70,164,105 "
" $1,800,000 "," $70,165,900 "
" $35,000,000 "," $70,187,088 "
" $30,000,000 "," $70,200,000 "
" $45,000,000 "," $70,216,497 "
" $25,000,000 "," $70,326,393 "
" $17,000,000 "," $70,355,813 "
" $10,000,000 "," $70,527 "
" $22,000,000 "," $70,536,870 "
" $70,000,000 "," $70,546,865 "
" $32,000,000 "," $70,587,268 "
" $55,000,000 "," $70,692,101 "
" $6,500,000 "," $70,712,099 "
" $20,000,000 "," $70,743,839 "
" $30,000,000 "," $70,768,144 "
" $300,000 "," $70,807 "
" $40,000,000 "," $70,836,296 "
" $14,600,000 "," $70,906,973 "
" $48,000,000 "," $70,937,778 "
" $22,000,000 "," $70,949,793 "
" $150,000,000 "," $700,868,363 "
" $1,000,000 ", $703 
" $1,000,000 "," $703,020 "
" $68,000,000 "," $706,102,828 "
" $151,000,000 "," $708,272,592 "
" $200,000,000 "," $708,996,336 "
" $42,000,000 "," $71,000,000 "
" $49,000,000 "," $71,004,627 "
" $25,000,000 "," $71,009,334 "
" $50,000,000 "," $71,052,604 "
" $60,000,000 "," $71,073,932 "
" $48,000,000 "," $71,171,825 "
" $30,000,000 "," $71,172,251 "
" $55,000,000 "," $71,189,835 "
" $20,000,000 "," $71,232,214 "
" $2,600,000 "," $71,248 "
" $25,000,000 "," $71,390,601 "
" $28,000,000 "," $71,430,876 "
" $80,000,000 "," $71,485,043 "
" $75,000,000 "," $71,523,271 "
" $3,100,000 "," $71,558,971 "
" $25,000,000 "," $71,594,792 "
" $7,000 "," $71,644 "
" $60,000,000 "," $71,719,931 "
" $40,000,000 "," $71,743,823 "
" $72,500,000 "," $71,880,305 "
" $170,000,000 "," $710,644,566 "
" $4,500,000 "," $713,413 "
" $170,000,000 "," $714,401,889 "
" $7,000,000 "," $719,699 "
" $110,000,000 "," $72,004,159 "
" $17,000,000 "," $72,070,955 "
" $2,500,000 "," $72,260 "
" $2,000,000 "," $72,277 "
" $40,000,000 "," $72,295,262 "
" $45,000,000 "," $72,359,917 "
" $65,000,000 "," $72,516,819 "
" $2,000,000 "," $72,544 "
" $14,000,000 "," $72,571,864 "
" $49,000,000 "," $72,689,126 "
" $20,000,000 "," $72,703,462 "
" $75,000,000 "," $72,785,169 "
" $17,000,000 "," $72,835,710 "
" $180,000,000 "," $720,539,572 "
" $10,000,000 "," $721,108 "
" $10,000,000 "," $723,388 "
" $15,000,000 "," $73,000,000 "
" $35,000,000 "," $73,026,302 "
" $13,000,000 "," $73,180,297 "
" $20,000,000 "," $73,206,343 "
" $42,000,000 "," $73,239,258 "
" $15,000,000 "," $73,326,666 "
" $28,000,000 "," $73,421,224 "
" $75,000,000 "," $73,521,587 "
" $18,000,000 "," $73,695,194 "
" $45,000,000 "," $73,706 "
" $13,000,000 "," $73,798,720 "
" $27,000,000 "," $73,826,768 "
" $38,000,000 "," $73,956,241 "
" $20,000,000 "," $73,964,713 "
" $3,000,000 "," $73,975,239 "
" $175,000,000 "," $731,542,621 "
" $5,700,000 "," $731,613 "
" $4,600,000 "," $731,767 "
" $150,000,000 "," $738,576,929 "
" $11,000,000 "," $74,056,184 "
" $85,000,000 "," $74,132,631 "
" $40,000,000 "," $74,156,610 "
" $20,000,000 "," $74,180,745 "
" $21,500,000 "," $74,326,015 "
" $12,000,000 "," $74,433,837 "
" $55,000,000 "," $74,545,591 "
" $5,600,000 "," $74,566,042 "
" $65,000,000 "," $74,575,290 "
" $12,000,000 "," $74,727,492 "
" $30,000,000 "," $74,787,599 "
" $55,000,000 "," $74,870,866 "
" $1,900,000 "," $740,932 "
" $250,000 "," $743,216 "
" $200,000,000 "," $743,588,329 "
" $175,000,000 "," $746,100,054 "
" $145,000,000 "," $746,921,271 "
" $200,000,000 "," $747,862,775 "
" $1,300,000 "," $749,741 "
" $4,000,000 "," $75,078 "
" $35,000,000 "," $75,281,179 "
" $40,000,000 "," $75,389,090 "
" $55,000,000 "," $75,466,595 "
" $40,000,000 "," $75,505,856 "
" $14,000,000 "," $75,525,718 "
" $68,000,000 "," $75,685,268 "
" $8,500,000 "," $75,740,479 "
" $26,000,000 "," $75,763,814 "
" $11,000,000 "," $75,803,716 "
" $52,000,000 "," $75,835,124 "
" $45,000,000 "," $75,854,588 "
" $33,000,000 "," $75,909,673 "
" $60,000,000 "," $75,965,567 "
" $165,000,000 "," $756,244,673 "
" $220,000,000 "," $757,890,267 "
" $180,000,000 "," $758,536,735 "
" $2,000,000 "," $759,504 "
" $19,000,000 "," $76,086,711 "
" $50,000,000 "," $76,119,388 "
" $8,000,000 "," $76,200,721 "
" $30,000,000 "," $76,235,001 "
" $25,000,000 "," $76,270,454 "
" $42,500,000 "," $76,347,393 "
" $15,000,000 "," $76,382 "
" $138,000,000 "," $76,416,746 "
" $110,000,000 "," $76,482,461 "
" $2,000,000 "," $76,654 "
" $8,000,000 "," $76,657,000 "
" $45,000,000 "," $76,665,507 "
" $45,000,000 "," $76,904,429 "
" $15,000,000 "," $76,954,311 "
" $4,000,000 "," $760,678 "
" $125,000,000 "," $766,652,288 "
" $125,000,000 "," $767,820,459 "
" $12,000,000 "," $77,063,461 "
" $500,000 "," $77,121 "
" $18,000,000 "," $77,147,031 "
" $25,000,000 "," $77,208,711 "
" $35,000,000 "," $77,220,596 "
" $68,000,000 "," $77,224,232 "
" $22,000,000 "," $77,229,695 "
" $35,000,000 "," $77,392,139 "
" $28,000,000 "," $77,477,297 "
" $15,000,000 "," $77,514,401 "
" $48,000,000 "," $77,562,568 "
" $32,000,000 "," $77,593,167 "
" $115,000,000 "," $77,628,265 "
" $18,000,000 "," $77,635,035 "
" $75,000,000 "," $77,636,443 "
" $23,000,000 "," $77,735,925 "
" $170,000,000 "," $771,100,771 "
" $6,000,000 "," $773,490 "
" $20,000,000 "," $774,905 "
" $230,000,000 "," $776,037,086 "
" $6,400,000 "," $78,019,031 "
" $15,000,000 "," $78,054,825 "
" $60,000,000 "," $78,080,697 "
" $10,000,000 "," $78,096,553 "
" $950,000 "," $78,122 "
" $16,000,000 "," $78,208,812 "
" $40,000,000 "," $78,269,970 "
" $85,000,000 "," $78,353,508 "
" $11,000,000 "," $78,356,170 "
" $60,000,000 "," $78,481,410 "
" $30,000,000 "," $78,571,737 "
" $20,000,000 "," $78,613,981 "
" $29,000,000 "," $78,652,395 "
" $25,000,000 "," $78,656,813 "
" $10,000,000 "," $78,693,371 "
" $24,000,000 "," $78,714,211 "
" $20,000,000 "," $78,769,428 "
" $2,000,000 "," $78,900,000 "
" $3,000,000 "," $78,948 "
" $85,000,000 "," $78,948,765 "
" $25,000,000 "," $780,326 "
" $200,000,000 "," $783,705,001 "
" $1,800,000 "," $783,733 "
" $150,000,000 "," $785,964,691 "
" $35,000,000 "," $786,532 "
" $185,000,000 "," $786,558,145 "
" $11,000,000 "," $786,598,007 "
" $5,250,000 "," $786,677 "
" $200,000,000 "," $788,408,539 "
" $160,000,000 "," $789,300,444 "
" $130,000,000 "," $79,076,678 "
" $20,000,000 "," $79,114,085 "
" $40,000,000 "," $79,123 "
" $4,000,000 "," $79,250,193 "
" $5,000,000 "," $79,282,312 "
" $55,000,000 "," $79,312,301 "
" $6,400,000 "," $79,384,539 "
" $45,000,000 "," $79,564,960 "
" $12,000,000 "," $79,817,937 "
" $32,000,000 "," $79,915,361 "
" $33,000,000 "," $79,958,599 "
" $21,600,000 "," $791,154 "
" $10,500,000 "," $792,965,326 "
" $130,000,000 "," $796,688,549 "
" $4,000,000 "," $797,439 "
" $730,000 "," $8,000,000 "
" $5,000,000 "," $8,000,000 "
" $3,768,785 "," $8,000,000 "
" $3,500,000 "," $8,000,000 "
" $3,200,000 "," $8,000,000 "
" $200,000 "," $8,000,000 "
" $20,000,000 "," $8,000,000 "
" $134,000 "," $8,000,000 "
" $1,800,000 "," $8,000,000 "
" $4,700,000 "," $8,025,872 "
" $20,000,000 "," $8,047,525 "
" $13,000,000 "," $8,064,972 "
" $4,200,000 "," $8,078,683 "
" $16,000,000 "," $8,120,148 "
" $19,000,000 "," $8,123,860 "
" $13,000,000 "," $8,130,727 "
" $5,400,000 "," $8,133,256 "
" $20,000,000 "," $8,135,024 "
" $989,000 "," $8,158 "
" $28,000,000 "," $8,165,213 "
" $6,000,000 "," $8,173,486 "
" $20,000,000 "," $8,178,569 "
" $4,000,000 "," $8,200,000 "
" $2,700,000 "," $8,200,000 "
" $15,000,000 "," $8,200,127 "
" $25,000,000 "," $8,208,594 "
" $20,000,000 "," $8,221,700 "
" $15,000,000 "," $8,224,998 "
" $27,000 "," $8,231 "
" $10,000,000 "," $8,243,567 "
" $950,000 "," $8,267,066 "
" $8,000,000 "," $8,279,017 "
" $20,000,000 "," $8,284,331 "
" $24,000,000 "," $8,292,914 "
" $5,000,000 "," $8,297 "
" $20,000,000 "," $8,300,821 "
" $4,000,000 "," $8,302,995 "
" $15,000,000 "," $8,322,608 "
" $20,000,000 "," $8,361,736 "
" $8,000,000 "," $8,370,555 "
" $7,000,000 "," $8,373,585 "
" $50,000 "," $8,374 "
" $50,000,000 "," $8,374,062 "
" $15,000,000 "," $8,378,141 "
" $10,000,000 "," $8,378,853 "
" $16,000,000 "," $8,400,000 "
" $33,000,000 "," $8,408,835 "
" $24,000,000 "," $8,427,204 "
" $28,000,000 "," $8,434,601 "
" $6,000,000 "," $8,446,952 "
" $10,000,000 "," $8,457,974 "
" $560,000 "," $8,462 "
" $45,000,000 "," $8,488,871 "
" $42,000,000 "," $8,514,325 "
" $7,500,000 "," $8,539,003 "
" $70,000 "," $8,555 "
" $5,500,000 "," $8,589,831 "
" $28,000,000 "," $8,592,432 "
" $30,000,000 "," $8,593,154 "
" $17,000,000 "," $8,607,815 "
" $17,000,000 "," $8,609,949 "
" $10,000,000 "," $8,629,895 "
" $5,000,000 "," $8,655,397 "
" $2,000,000 "," $8,685,632 "
" $20,000,000 "," $8,692,898 "
" $12,000,000 "," $8,706,701 "
" $27,000,000 "," $8,712,564 "
" $15,000,000 "," $8,735,529 "
" $2,380,000 "," $8,739,576 "
" $5,500,000 "," $8,761,608 "
" $15,000,000 "," $8,767,338 "
" $75,000 "," $8,799 "
" $1,800,000 "," $8,800,000 "
" $10,000,000 "," $8,801,940 "
" $7,000,000 "," $8,824,553 "
" $30,000,000 "," $8,845,575 "
" $8,000,000 "," $8,864,699 "
" $10,000,000 "," $8,890,094 "
" $28,000,000 "," $8,891,623 "
" $6,400,000 "," $8,902,141 "
" $15,000,000 "," $8,921,050 "
" $12,000,000 "," $8,942,516 "
" $250,000 "," $8,969,065 "
" $8,200,000 "," $80,000,000 "
" $13,500,000 "," $80,000,000 "
" $43,000,000 "," $80,013,623 "
" $23,000,000 "," $80,171,596 "
" $18,000,000 "," $80,227,619 "
" $30,000,000 "," $80,276,156 "
" $50,000,000 "," $80,369,970 "
" $58,000,000 "," $80,480,566 "
" $22,000,000 "," $80,491,516 "
" $9,000,000 "," $80,500,000 "
" $50,000,000 "," $80,583,311 "
" $45,000,000 "," $80,594,860 "
" $27,000,000 "," $80,681,183 "
" $60,000,000 "," $80,767,884 "
" $85,000,000 "," $80,831,893 "
" $4,000,000 "," $800,000 "
" $58,000,000 "," $801,029,249 "
" $180,000,000 "," $803,798,342 "
" $160,000,000 "," $807,330,936 "
" $60,000,000 "," $81,079,566 "
" $39,000,000 "," $81,150,788 "
" $2,000,000 "," $81,197,047 "
" $4,500,000 "," $81,198,894 "
" $11,000,000 "," $81,204,830 "
" $25,000,000 "," $81,249,176 "
" $31,500,000 "," $81,250,488 "
" $26,000,000 "," $81,275,291 "
" $1,200,000 "," $81,338 "
" $1,100,000 "," $81,371 "
" $20,000,000 "," $81,424,988 "
" $21,000,000 "," $81,452,811 "
" $20,000,000 "," $81,461,343 "
" $30,000,000 "," $81,529,000 "
" $3,500,000 "," $81,600,000 "
" $30,000,000 "," $81,613,606 "
" $16,000,000 "," $81,742,618 "
" $9,000,000 "," $81,831,866 "
" $11,900,000 "," $81,897 "
" $35,000,000 "," $81,967,450 "
" $12,300,000 "," $81,972,846 "
" $950,000 "," $814,666 "
" $750,000 "," $814,801 "
" $75,000,000 "," $817,400,878 "
" $8,000,000 "," $82,000,000 "
" $100,000,000 "," $82,145,379 "
" $30,000,000 "," $82,148,538 "
" $60,000,000 "," $82,150,183 "
" $25,000,000 "," $82,150,642 "
" $28,000,000 "," $82,183,683 "
" $4,800,000 "," $82,241,110 "
" $32,000,000 "," $82,332,450 "
" $32,000,000 "," $82,339,483 "
" $30,000,000 "," $82,409,520 "
" $12,000,000 "," $82,497,035 "
" $30,000 "," $82,698 "
" $50,000,000 "," $82,751,189 "
" $3,000,000 "," $82,780 "
" $60,000,000 "," $82,812,456 "
" $14,000,000 "," $82,925,064 "
" $8,000,000 "," $82,955,633 "
" $25,000,000 "," $82,991,460 "
" $139,000,000 "," $821,706,375 "
" $75,000,000 "," $823,755,831 "
" $6,600,000 ", $828 
" $136,200,000 "," $829,724,737 "
" $50,000,000 "," $83,034,523 "
" $9,000,000 "," $83,051,676 "
" $85,000,000 "," $83,080,084 "
" $11,000,000 "," $83,088,295 "
" $35,000,000 "," $83,109,359 "
" $35,000,000 "," $83,226,569 "
" $30,000,000 "," $83,282,296 "
" $50,000,000 "," $83,306,268 "
" $2,280,000 "," $83,320,000 "
" $5,000,000 "," $83,356 "
" $3,500,000 "," $83,453,539 "
" $5,500,000 "," $83,529,758 "
" $24,000,000 "," $83,531,958 "
" $10,000,000 "," $83,593,107 "
" $24,000,000 "," $83,660,160 "
" $16,500,000 "," $83,792,062 "
" $42,000,000 "," $83,833,602 "
" $270,000 "," $830,700 "
" $160,000,000 "," $832,584,416 "
" $3,000,000 "," $834,953 "
" $210,000,000 "," $836,519,699 "
" $10,000,000 "," $836,641 "
" $1,000,000 "," $839,145 "
" $60,000,000 "," $84,154,026 "
" $35,000,000 "," $84,606,030 "
" $30,000,000 "," $84,646,831 "
" $350,000 "," $84,689 "
" $12,000,000 "," $84,970,337 "
" $7,000 "," $841,926 "
" $1,800,000 "," $842,693 "
" $1,000,000 "," $844,377 "
" $115,000,000 "," $848,998,877 "
" $137,000,000 "," $85,131,830 "
" $20,000,000 "," $85,146,165 "
" $11,000,000 "," $85,278,712 "
" $10,000,000 "," $85,300,000 "
" $36,000,000 "," $85,315,070 "
" $600,000 "," $85,343 "
" $12,000,000 "," $85,512,300 "
" $9,000,000 "," $85,527 "
" $24,000,000 "," $85,527,867 "
" $75,000,000 "," $85,632,458 "
" $35,000,000 "," $85,761,789 "
" $35,000,000 "," $85,911,226 "
" $5,000,000 "," $851,690 "
" $1,000,000 "," $852,206 "
" $1,000,000 "," $852,399 "
" $175,000,000 "," $853,707,581 "
" $200,000,000 "," $858,470,006 "
" $90,000,000 "," $859,701,857 "
" $5,700,000 "," $86,051,320 "
" $2,800,000 "," $86,300,000 "
" $25,500,000 "," $86,301,599 "
" $5,000,000 "," $86,362,372 "
" $72,500,000 "," $86,509,602 "
" $48,000,000 "," $86,607,223 "
" $35,000,000 "," $86,648,359 "
" $24,000,000 "," $86,765,463 "
" $40,000,000 "," $86,778,557 "
" $80,000,000 "," $86,787,530 "
" $69,000,000 "," $86,796,502 "
" $20,000,000 "," $86,858,578 "
" $23,000,000 "," $86,930,411 "
" $5,000,000 "," $861,325 "
" $5,500,000 "," $863,895 "
" $130,000,000 "," $864,868,047 "
" $850,000 "," $865,708 "
" $250,000,000 "," $868,160,194 "
" $18,000,000 "," $87,000,000 "
" $16,000,000 "," $87,041,569 "
" $38,000,000 "," $87,098,466 "
" $58,000,000 "," $87,100,000 "
" $60,000,000 "," $87,123,569 "
" $40,000,000 "," $87,145,086 "
" $68,000,000 "," $87,173,475 "
" $9,400,000 "," $87,226,613 "
" $300,000 "," $87,264 "
" $4,000,000 "," $87,400,000 "
" $90,000,000 "," $87,420,776 "
" $55,000,000 "," $87,524,497 "
" $109,000,000 "," $87,683,966 "
" $3,000,000 "," $87,727,807 "
" $12,000,000 "," $87,793 "
" $40,000,000 "," $87,949,859 "
" $30,000,000 "," $87,956,618 "
" $15,000,000 "," $87,973,835 "
" $20,000,000 "," $873,617 "
" $75,000,000 "," $875,958,307 "
" $100,000,000 "," $878,979,634 "
" $300,000,000 "," $879,620,923 "
" $95,000,000 "," $879,765,137 "
" $40,000,000 "," $88,069,880 "
" $50,000,000 "," $88,316,835 "
" $15,500,000 "," $88,611,837 "
" $95,000,000 "," $88,725,100 "
" $60,000,000 "," $88,832,210 "
" $70,000,000 "," $88,933,562 "
" $32,000,000 "," $88,978,458 "
" $25,000,000 "," $881,745 "
" $800,000 "," $881,950 "
" $7,700,000 "," $882,290 "
" $9,000,000 "," $883,887 "
" $1,000,000 ", $884 
" $3,500,000 "," $886,410 "
" $1,200,000 "," $887,000 "
" $109,000,000 "," $887,210,985 "
" $35,000,000 "," $89,102,315 "
" $400,000 "," $89,134 "
" $12,000,000 "," $89,309,178 "
" $32,000,000 "," $89,441,732 "
" $25,000,000 "," $89,476,265 "
" $75,000,000 "," $89,758,389 "
" $50,000,000 "," $89,895,930 "
" $30,000,000 "," $89,955,540 "
" $258,000,000 "," $890,875,303 "
" $13,500,000 "," $892,506 "
" $5,000,000 "," $894,030 "
" $3,000,000 "," $895,932 "
" $150,000,000 "," $896,911,078 "
" $3,900,000 "," $9,000,000 "
" $1,500,000 "," $9,000,000 "
" $1,000,000 "," $9,000,000 "
" $1,000,000 "," $9,000,000 "
" $3,000,000 "," $9,012,000 "
" $3,000,000 "," $9,017,070 "
" $10,000,000 "," $9,069 "
" $18,000,000 "," $9,082,906 "
" $900,000 "," $9,097,072 "
" $80,000,000 "," $9,103,630 "
" $5,000,000 "," $9,109,597 "
" $550,000 "," $9,111 "
" $350,000 "," $9,118 "
" $2,160,000 "," $9,132,000 "
" $1,800,000 "," $9,164,370 "
" $11,000,000 "," $9,170,214 "
" $2,000,000 "," $9,172,000 "
" $6,200,000 "," $9,205,924 "
" $20,000,000 "," $9,208,876 "
" $2,000,000 "," $9,250,000 "
" $4,600,000 "," $9,261,711 "
" $8,000,000 "," $9,266,180 "
" $25,000,000 "," $9,286,314 "
" $1,100,000 "," $9,297,407 "
" $15,000,000 "," $9,300,336 "
" $15,000,000 "," $9,307,166 "
" $25,000,000 "," $9,313,302 "
" $4,500,000 "," $9,330,465 "
" $1,500,000 "," $9,345,061 "
" $27,000,000 "," $9,352,089 "
" $20,000,000 "," $9,355,369 "
" $12,500,000 "," $9,376,444 "
" $500,000 "," $9,387,581 "
" $10,000,000 "," $9,408,183 "
" $4,000,000 "," $9,413,956 "
" $17,000,000 "," $9,438,074 "
" $7,400,000 "," $9,443,864 "
" $25,000,000 "," $9,445,081 "
" $22,000,000 "," $9,448,623 "
" $500,000 "," $9,470,209 "
" $2,000,000 "," $9,505,996 "
" $55,000,000 "," $9,521,458 "
" $6,800,000 "," $9,533,964 "
" $20,000,000 "," $9,537,120 "
" $3,180,000 "," $9,576,159 "
" $15,000,000 "," $9,579,068 "
" $2,500,000 "," $9,598 "
" $910,000 "," $9,600,000 "
" $2,000,000 "," $9,615,464 "
" $5,800,000 "," $9,662,214 "
" $5,000,000 "," $9,669,521 "
" $45,000,000 "," $9,676,497 "
" $1,700,000 "," $9,700,000 "
" $5,100,000 "," $9,709,597 "
" $17,000,000 "," $9,729,088 "
" $4,300,000 "," $9,791,282 "
" $30,000 "," $9,812 "
" $50,000,000 "," $9,812,870 "
" $37,500,000 "," $9,813,309 "
" $22,000,000 "," $9,818,792 "
" $4,000,000 "," $9,821,335 "
" $1,000,000 "," $9,837 "
" $3,500,000 "," $9,871 "
" $15,000,000 "," $9,930,649 "
" $4,400,000 "," $9,969,237 "
" $3,000,000 "," $9,981,635 "
" $1,300,000 "," $90,213 "
" $35,000,000 "," $90,221,182 "
" $48,000,000 "," $90,376,224 "
" $10,000,000 "," $90,384,306 "
" $26,000,000 "," $90,396,664 "
" $100,000,000 "," $90,420,758 "
" $10,000,000 "," $90,453,550 "
" $60,000,000 "," $90,482,317 "
" $17,500,000 "," $90,508,336 "
" $45,000,000 "," $90,523,726 "
" $55,000,000 "," $90,552,675 "
" $23,000,000 "," $90,614,445 "
" $40,000,000 "," $90,717,684 "
" $60,000,000 "," $90,723,216 "
" $8,000,000 "," $90,815,558 "
" $77,500,000 "," $90,905,178 "
" $10,000,000 "," $90,909 "
" $7,000 ", $900 
" $558,000 "," $900,000 "
" $10,000,000 "," $900,926 "
" $1,305,000 "," $909,000 "
" $15,000,000 "," $909,822 "
" $25,000,000 "," $91,036,760 "
" $25,000,000 "," $91,116 "
" $40,000,000 "," $91,126,600 "
" $3,000,000 "," $91,266,581 "
" $45,000,000 "," $91,342,494 "
" $30,000,000 "," $91,388,487 "
" $40,000,000 "," $91,455,875 "
" $18,000,000 "," $91,651,878 "
" $42,000,000 "," $91,678,442 "
" $40,000,000 "," $91,729,503 "
" $100,000,000 "," $91,800,000 "
" $28,000,000 "," $91,943,956 "
" $40,000,000 "," $915,840 "
" $10,000,000 "," $92,094,360 "
" $40,000,000 "," $92,111,551 "
" $20,000,000 "," $92,217,729 "
" $40,000,000 "," $92,256,918 "
" $18,000,000 "," $92,357,499 "
" $30,000,000 "," $92,494,381 "
" $22,000,000 "," $92,542,418 "
" $12,000,000 "," $92,618,117 "
" $17,000,000 "," $92,670,237 "
" $20,000,000 "," $92,678,948 "
" $50,000,000 "," $92,690,959 "
" $4,500,000 "," $92,723 "
" $12,000,000 "," $92,863,945 "
" $18,000,000 "," $92,935,067 "
" $16,000,000 "," $92,961,960 "
" $21,500,000 "," $92,987,651 "
" $2,000,000 ", $926 
" $5,000,000 "," $927,074 "
" $6,800,000 "," $927,107 "
" $30,000,000 "," $929,157 "
" $10,000,000 "," $93,074,616 "
" $120,000,000 "," $93,394,462 "
" $27,000,000 "," $93,469,699 "
" $15,000,000 "," $93,589,701 "
" $13,500,000 "," $93,631,744 "
" $58,000,000 "," $93,672,764 "
" $20,000,000 "," $93,931,360 "
" $94,000,000 "," $934,699,645 "
" $250,000,000 "," $935,083,686 "
" $94,000,000 "," $936,429,370 "
" $70,000,000 "," $937,008,132 "
" $28,000,000 "," $94,050,951 "
" $30,000,000 "," $94,207,861 "
" $45,000,000 "," $94,215,000 "
" $22,000,000 "," $94,270,488 "
" $28,000,000 "," $94,500,826 "
" $10,000 "," $94,596 "
" $50,000,000 "," $94,704,227 "
" $28,000,000 "," $94,728,529 "
" $38,000,000 "," $94,763,758 "
" $16,000,000 "," $94,812 "
" $32,000,000 "," $94,875,000 "
" $95,000,000 "," $94,894,448 "
" $75,000,000 "," $94,944,017 "
" $70,000,000 "," $94,973,540 "
" $150,000,000 "," $942,943,935 "
" $17,000,000 "," $95,092,667 "
" $35,000,000 "," $95,104,304 "
" $3,000,000 "," $95,204 "
" $100,000,000 "," $95,255,485 "
" $60,000,000 "," $95,538,560 "
" $75,000,000 "," $95,572,749 "
" $13,000,000 "," $95,638,592 "
" $22,000,000 "," $95,708,457 "
" $12,000,000 "," $95,800,000 "
" $35,000,000 "," $95,825,125 "
" $30,000,000 "," $95,857,262 "
" $40,000,000 "," $95,989,590 "
" $250,000,000 "," $955,119,788 "
" $900,000 "," $958,978 "
" $82,000,000 "," $96,024,898 "
" $37,000,000 "," $96,068,724 "
" $35,000,000 "," $96,096,018 "
" $20,000,000 "," $96,147,688 "
" $80,000,000 "," $96,148,711 "
" $100,000,000 "," $96,221,971 "
" $40,000,000 "," $96,398,826 "
" $30,000,000 "," $96,439,723 "
" $50,000,000 "," $96,469,187 "
" $25,000,000 "," $96,633,833 "
" $26,000,000 "," $96,666,486 "
" $27,500,000 "," $96,673,002 "
" $1,000,000 "," $96,734 "
" $5,000,000 "," $96,760 "
" $3,500,000 "," $96,793 "
" $27,000,000 "," $96,900,000 "
" $72,000,000 "," $96,947,540 "
" $85,000,000 "," $96,971,293 "
" $125,000,000 "," $960,283,305 "
" $250,000,000 "," $960,366,855 "
" $300,000,000 "," $963,420,425 "
" $175,000,000 "," $963,901,123 "
" $4,600,000 "," $968,805 "
" $25,000,000 "," $97,030,468 "
" $37,000,000 "," $97,143,987 "
" $75,000,000 "," $97,387,965 "
" $29,000,000 "," $97,413,527 "
" $40,000,000 "," $97,470,701 "
" $100,000,000 "," $97,523,020 "
" $28,000,000 "," $97,531,134 "
" $7,000,000 "," $97,600,000 "
" $50,000,000 "," $97,651,543 "
" $52,000,000 "," $97,709,034 "
" $17,000,000 "," $97,778,356 "
" $35,000,000 "," $97,799,865 "
" $11,000,000 "," $97,837,138 "
" $8,000,000 "," $973,443 "
" $4,000,000 "," $973,613 "
" $125,000,000 "," $974,755,371 "
" $76,000,000 "," $975,216,835 "
" $4,000,000 "," $978,527 "
" $20,000,000 "," $98,114,471 "
" $100,000,000 "," $98,227,017 "
" $38,000,000 "," $98,230,839 "
" $18,000,000 "," $98,267,558 "
" $80,000,000 "," $98,341,932 "
" $25,000,000 "," $98,406,855 "
" $5,000,000 "," $98,595,211 "
" $55,000,000 "," $98,699,769 "
" $7,000,000 "," $98,754,000 "
" $15,000,000 "," $98,800,000 "
" $60,000,000 "," $98,819,789 "
" $53,000,000 "," $98,837,872 "
" $12,000,000 "," $98,963,392 "
" $80,000,000 "," $98,983,590 "
" $79,300,000 "," $987,480,140 "
" $80,000,000 "," $99,010,667 "
" $13,000,000 "," $99,034,125 "
" $100,000,000 "," $99,123,656 "
" $17,500,000 "," $99,135,571 "
" $5,000,000 "," $99,147 "
" $32,000,000 "," $99,296,462 "
" $35,000,000 "," $99,423,000 "
" $37,000,000 "," $99,595,932 "
" $200,000 "," $99,750,000 "
" $60,000,000 "," $99,823,958 "
" $1,500,000 "," $99,870,886 "
" $11,500,000 "," $99,930,262 "
" $12,000,000 "," $994,790 "
" $10,000,000 "," $997,921 "